Run 1
Solving the Erdos-Renyi Random Graphs with Backtracking and AC3 and Forward Checking Inference
=================================================
Probability: 0.1
Number of People: 31
Number of Edges: 63
Number of Teams: 4
Elapsed Time(in seconds): 0.010329723358154297
Total Number of Assignments: 199
Total Number of Unassignments: 151
Optimal Number of Assignments: 31
Optimal Number of Unassignments: 0
=================================================
Probability: 0.2
Number of People: 31
Number of Edges: 101
Number of Teams: 4
Elapsed Time(in seconds): 0.005366086959838867
Total Number of Assignments: 97
Total Number of Unassignments: 54
Optimal Number of Assignments: 37
Optimal Number of Unassignments: 5
=================================================
Probability: 0.3
Number of People: 31
Number of Edges: 160
Number of Teams: 6
Elapsed Time(in seconds): 2.7267415523529053
Total Number of Assignments: 51905
Total Number of Unassignments: 45486
Optimal Number of Assignments: 31
Optimal Number of Unassignments: 0
=================================================
Probability: 0.4
Number of People: 31
Number of Edges: 185
Number of Teams: 6
Elapsed Time(in seconds): 0.27849364280700684
Total Number of Assignments: 4336
Total Number of Unassignments: 3638
Optimal Number of Assignments: 45
Optimal Number of Unassignments: 12
=================================================
Probability: 0.5
Number of People: 31
Number of Edges: 233
Number of Teams: 7
Elapsed Time(in seconds): 1.6024091243743896
Total Number of Assignments: 22987
Total Number of Unassignments: 19455
Optimal Number of Assignments: 114
Optimal Number of Unassignments: 70
=================================================
Probability: 0.6
Number of People: 31
Number of Edges: 272
Number of Teams: 8
Elapsed Time(in seconds): 66.17933106422424
Total Number of Assignments: 972319
Total Number of Unassignments: 812247
Optimal Number of Assignments: 96
Optimal Number of Unassignments: 50
Friendship Graphs:
{0: [2, 12, 13], 1: [15, 16, 22], 2: [0, 3, 27, 28], 3: [2, 7, 14, 15, 26, 28, 29], 4: [10, 12], 5: [13, 27, 29], 6: [7, 9, 14, 19], 7: [3, 6, 9, 14, 15, 22], 8: [18, 20, 23], 9: [6, 7, 15, 18, 20, 24], 10: [4, 12, 18, 19, 21, 24], 11: [20, 27], 12: [0, 4, 10, 22], 13: [0, 5, 17, 30], 14: [3, 6, 7, 22, 23], 15: [1, 3, 7, 9, 20], 16: [1, 22], 17: [13], 18: [8, 9, 10, 22, 29], 19: [6, 10, 23], 20: [8, 9, 11, 15, 24], 21: [10, 29, 30], 22: [1, 7, 12, 14, 16, 18, 23, 27, 29], 23: [8, 14, 19, 22, 27], 24: [9, 10, 20, 28], 25: [], 26: [3, 29], 27: [2, 5, 11, 22, 23, 29, 30], 28: [2, 3, 24], 29: [3, 5, 18, 21, 22, 26, 27], 30: [13, 21, 27]}
{0: [1, 3, 7, 8, 10, 19, 24], 1: [0, 2, 9, 17, 20, 23, 24], 2: [1, 4, 9, 16, 20, 22, 24], 3: [0, 5, 9, 12, 13, 14, 23, 28, 29], 4: [2, 7, 11, 24, 29], 5: [3, 17, 19, 24], 6: [8, 17, 25, 26, 30], 7: [0, 4, 8, 10, 13, 23], 8: [0, 6, 7, 13, 14, 17, 21, 27], 9: [1, 2, 3, 17, 24, 25, 28], 10: [0, 7, 17, 21, 23, 26, 28, 29, 30], 11: [4, 17, 21, 25, 27], 12: [3, 14, 18, 23, 24, 30], 13: [3, 7, 8, 16], 14: [3, 8, 12, 18, 24], 15: [20, 21, 22, 24], 16: [2, 13, 18, 21, 28], 17: [1, 5, 6, 8, 9, 10, 11, 19, 24, 30], 18: [12, 14, 16, 28, 30], 19: [0, 5, 17, 20, 22, 24], 20: [1, 2, 15, 19, 22, 26, 27], 21: [8, 10, 11, 15, 16, 29, 30], 22: [2, 15, 19, 20, 30], 23: [1, 3, 7, 10, 12, 24, 25, 26, 28, 30], 24: [0, 1, 2, 4, 5, 9, 12, 14, 15, 17, 19, 23], 25: [6, 9, 11, 23, 27, 29], 26: [6, 10, 20, 23, 28], 27: [8, 11, 20, 25], 28: [3, 9, 10, 16, 18, 23, 26, 29], 29: [3, 4, 10, 21, 25, 28], 30: [6, 10, 12, 17, 18, 21, 22, 23]}
{0: [2, 3, 4, 5, 6, 12, 13, 14, 15, 18, 19, 25, 26, 27], 1: [2, 8, 10, 11, 13, 16, 17, 18, 20, 27, 29, 30], 2: [0, 1, 7, 9, 12, 16, 19, 23, 24, 26, 27], 3: [0, 7, 9, 19, 22, 23, 25, 27], 4: [0, 5, 6, 8, 9, 10, 13, 14, 16, 19, 20, 21, 22, 23, 25], 5: [0, 4, 6, 7, 9, 12, 16, 17, 21, 23, 26, 29], 6: [0, 4, 5, 7, 8, 14, 15, 16, 17, 22, 23, 24, 29], 7: [2, 3, 5, 6, 8, 10, 17, 19], 8: [1, 4, 6, 7, 9, 13, 14, 18, 19, 28], 9: [2, 3, 4, 5, 8, 10, 14, 17, 23, 24], 10: [1, 4, 7, 9, 12, 14, 19, 20, 21, 23, 25, 26, 28, 29], 11: [1, 13, 16, 20, 27, 28, 29], 12: [0, 2, 5, 10, 13, 17, 18, 19, 20, 21, 27], 13: [0, 1, 4, 8, 11, 12, 14, 15, 17, 22, 24, 25, 27, 28], 14: [0, 4, 6, 8, 9, 10, 13, 20, 27, 30], 15: [0, 6, 13, 17, 19, 20, 25, 30], 16: [1, 2, 4, 5, 6, 11, 17, 19, 20, 26, 27, 29], 17: [1, 5, 6, 7, 9, 12, 13, 15, 16, 18, 19], 18: [0, 1, 8, 12, 17, 19, 23, 28], 19: [0, 2, 3, 4, 7, 8, 10, 12, 15, 16, 17, 18, 21, 30], 20: [1, 4, 10, 11, 12, 14, 15, 16, 21, 22, 23, 25, 26], 21: [4, 5, 10, 12, 19, 20, 22, 29], 22: [3, 4, 6, 13, 20, 21, 26, 28], 23: [2, 3, 4, 5, 6, 9, 10, 18, 20, 24, 26, 29], 24: [2, 6, 9, 13, 23, 25, 28, 30], 25: [0, 3, 4, 10, 13, 15, 20, 24], 26: [0, 2, 5, 10, 16, 20, 22, 23, 28], 27: [0, 1, 2, 3, 11, 12, 13, 14, 16], 28: [8, 10, 11, 13, 18, 22, 24, 26, 29], 29: [1, 5, 6, 10, 11, 16, 21, 23, 28], 30: [1, 14, 15, 19, 24]}
{0: [7, 9, 12, 13, 14, 19, 20, 22, 27], 1: [4, 6, 7, 9, 13, 14, 16, 17, 25], 2: [4, 9, 10, 13, 15, 16, 20, 21, 22, 23, 24, 25, 26, 30], 3: [4, 5, 7, 8, 9, 10, 12, 13, 14, 17, 19, 21, 22, 24, 26, 27, 28], 4: [1, 2, 3, 6, 7, 8, 9, 10, 11, 14, 16, 19, 21, 23, 25, 29], 5: [3, 6, 8, 9, 10, 11, 13, 18, 21, 22, 25, 30], 6: [1, 4, 5, 10, 12, 14, 18, 19, 25, 28, 30], 7: [0, 1, 3, 4, 8, 13, 14, 19, 20, 22, 23, 25, 26, 29, 30], 8: [3, 4, 5, 7, 14, 16, 18, 19, 20, 22, 27], 9: [0, 1, 2, 3, 4, 5, 10, 14, 22, 24, 28, 30], 10: [2, 3, 4, 5, 6, 9, 13, 15, 17, 18, 20, 25, 27, 28], 11: [4, 5, 15, 21, 22, 25, 27, 28, 29], 12: [0, 3, 6, 22, 23, 25], 13: [0, 1, 2, 3, 5, 7, 10, 14, 17, 18, 21, 22, 23, 26], 14: [0, 1, 3, 4, 6, 7, 8, 9, 13, 22, 25, 28], 15: [2, 10, 11, 16, 17, 19, 20, 23, 30], 16: [1, 2, 4, 8, 15, 17, 18, 19, 20, 22, 26, 29], 17: [1, 3, 10, 13, 15, 16, 20, 25, 26, 28, 29], 18: [5, 6, 8, 10, 13, 16, 22, 23, 24, 26, 27, 28, 29, 30], 19: [0, 3, 4, 6, 7, 8, 15, 16, 20, 22, 24, 27, 28], 20: [0, 2, 7, 8, 10, 15, 16, 17, 19, 25, 26, 27, 28], 21: [2, 3, 4, 5, 11, 13, 24, 27], 22: [0, 2, 3, 5, 7, 8, 9, 11, 12, 13, 14, 16, 18, 19, 25, 26], 23: [2, 4, 7, 12, 13, 15, 18, 25, 28, 29], 24: [2, 3, 9, 18, 19, 21, 26, 28], 25: [1, 2, 4, 5, 6, 7, 10, 11, 12, 14, 17, 20, 22, 23, 26, 28], 26: [2, 3, 7, 13, 16, 17, 18, 20, 22, 24, 25, 28, 29, 30], 27: [0, 3, 8, 10, 11, 18, 19, 20, 21, 29, 30], 28: [3, 6, 9, 10, 11, 14, 17, 18, 19, 20, 23, 24, 25, 26, 30], 29: [4, 7, 11, 16, 17, 18, 23, 26, 27], 30: [2, 5, 6, 7, 9, 15, 18, 26, 27, 28]}
{0: [3, 4, 5, 6, 7, 10, 11, 12, 13, 14, 17, 20, 22, 24, 26, 27, 29], 1: [2, 3, 6, 9, 10, 13, 14, 16, 22, 23, 26, 27, 29, 30], 2: [1, 3, 4, 6, 10, 11, 12, 13, 14, 15, 16, 19, 20, 21, 25, 27, 28, 30], 3: [0, 1, 2, 4, 7, 9, 11, 12, 13, 14, 15, 16, 17, 18, 19, 24, 26, 27, 28], 4: [0, 2, 3, 5, 7, 9, 10, 13, 14, 15, 16, 17, 22, 24, 25, 27, 30], 5: [0, 4, 6, 7, 8, 9, 15, 22, 25, 26, 27], 6: [0, 1, 2, 5, 7, 10, 11, 12, 14, 15, 16, 18, 24, 25, 26, 27, 29, 30], 7: [0, 3, 4, 5, 6, 8, 9, 10, 14, 17, 18, 21, 27, 28, 29], 8: [5, 7, 11, 12, 13, 15, 16, 18, 21, 22, 23, 25, 29], 9: [1, 3, 4, 5, 7, 13, 14, 15, 16, 17, 20, 21, 22, 24, 27, 30], 10: [0, 1, 2, 4, 6, 7, 11, 18, 20, 21, 22, 23, 24, 26, 27, 30], 11: [0, 2, 3, 6, 8, 10, 12, 14, 15, 19, 22, 24, 27, 28, 30], 12: [0, 2, 3, 6, 8, 11, 13, 14, 18, 20, 21, 24, 29], 13: [0, 1, 2, 3, 4, 8, 9, 12, 14, 17, 18, 20, 30], 14: [0, 1, 2, 3, 4, 6, 7, 9, 11, 12, 13, 15, 24, 25, 26, 29, 30], 15: [2, 3, 4, 5, 6, 8, 9, 11, 14, 16, 17, 18, 23, 25, 27, 28, 30], 16: [1, 2, 3, 4, 6, 8, 9, 15, 22, 23, 24, 25, 26, 27], 17: [0, 3, 4, 7, 9, 13, 15, 18, 19, 20, 21, 24, 25, 27, 28], 18: [3, 6, 7, 8, 10, 12, 13, 15, 17, 21, 22, 26, 27, 29, 30], 19: [2, 3, 11, 17, 20, 21, 22, 24, 25, 27, 29], 20: [0, 2, 9, 10, 12, 13, 17, 19, 21, 22, 23, 25, 29, 30], 21: [2, 7, 8, 9, 10, 12, 17, 18, 19, 20, 22, 24, 28, 29, 30], 22: [0, 1, 4, 5, 8, 9, 10, 11, 16, 18, 19, 20, 21], 23: [1, 8, 10, 15, 16, 20, 24, 28, 29, 30], 24: [0, 3, 4, 6, 9, 10, 11, 12, 14, 16, 17, 19, 21, 23, 25, 27, 28, 29], 25: [2, 4, 5, 6, 8, 14, 15, 16, 17, 19, 20, 24, 26, 29], 26: [0, 1, 3, 5, 6, 10, 14, 16, 18, 25, 27, 28, 29, 30], 27: [0, 1, 2, 3, 4, 5, 6, 7, 9, 10, 11, 15, 16, 17, 18, 19, 24, 26], 28: [2, 3, 7, 11, 15, 17, 21, 23, 24, 26, 29, 30], 29: [0, 1, 6, 7, 8, 12, 14, 18, 19, 20, 21, 23, 24, 25, 26, 28, 30], 30: [1, 2, 4, 6, 9, 10, 11, 13, 14, 15, 18, 20, 21, 23, 26, 28, 29]}
{0: [1, 2, 3, 4, 6, 7, 10, 12, 16, 17, 21, 23, 25, 26, 28], 1: [0, 2, 9, 10, 11, 13, 14, 17, 18, 19, 22, 24, 25, 26, 27, 30], 2: [0, 1, 4, 5, 9, 10, 11, 15, 16, 18, 19, 21, 22, 23, 25, 26, 28, 30], 3: [0, 4, 6, 8, 10, 11, 12, 14, 17, 18, 20, 23, 24, 26, 27, 28, 30], 4: [0, 2, 3, 5, 6, 7, 9, 10, 11, 12, 13, 15, 16, 19, 20, 26, 27, 29, 30], 5: [2, 4, 6, 8, 9, 10, 12, 13, 14, 16, 17, 18, 19, 22, 23, 24, 26, 27, 29, 30], 6: [0, 3, 4, 5, 7, 9, 11, 12, 14, 16, 17, 18, 19, 20, 25, 27, 29, 30], 7: [0, 4, 6, 8, 9, 11, 13, 14, 16, 19, 20, 21, 22, 23, 26, 27, 29, 30], 8: [3, 5, 7, 11, 12, 14, 17, 20, 21, 26, 29], 9: [1, 2, 4, 5, 6, 7, 10, 12, 13, 14, 15, 16, 17, 18, 19, 20, 21, 22, 23, 24], 10: [0, 1, 2, 3, 4, 5, 9, 11, 13, 14, 17, 18, 19, 22, 23, 25, 27, 29], 11: [1, 2, 3, 4, 6, 7, 8, 10, 12, 13, 14, 16, 18, 20, 21, 22, 24, 25, 26, 28, 29], 12: [0, 3, 4, 5, 6, 8, 9, 11, 13, 16, 17, 21, 22, 24, 28, 29], 13: [1, 4, 5, 7, 9, 10, 11, 12, 15, 16, 18, 19, 20, 21, 23, 26, 28, 29], 14: [1, 3, 5, 6, 7, 8, 9, 10, 11, 15, 16, 17, 18, 20, 21, 22, 24, 26, 29, 30], 15: [2, 4, 9, 13, 14, 16, 18, 19, 21, 22, 23, 24, 26, 27, 29, 30], 16: [0, 2, 4, 5, 6, 7, 9, 11, 12, 13, 14, 15, 17, 18, 20, 22, 24, 25, 28, 29, 30], 17: [0, 1, 3, 5, 6, 8, 9, 10, 12, 14, 16, 21, 23, 25, 27, 28, 30], 18: [1, 2, 3, 5, 6, 9, 10, 11, 13, 14, 15, 16, 19, 23, 24, 25, 26, 27, 28, 29], 19: [1, 2, 4, 5, 6, 7, 9, 10, 13, 15, 18, 20, 21, 24, 25, 27, 28, 29, 30], 20: [3, 4, 6, 7, 8, 9, 11, 13, 14, 16, 19, 22, 24, 30], 21: [0, 2, 7, 8, 9, 11, 12, 13, 14, 15, 17, 19, 22, 23, 25, 27, 28, 29], 22: [1, 2, 5, 7, 9, 10, 11, 12, 14, 15, 16, 20, 21, 23, 25, 26, 27, 29, 30], 23: [0, 2, 3, 5, 7, 9, 10, 13, 15, 17, 18, 21, 22, 24, 25, 28], 24: [1, 3, 5, 9, 11, 12, 14, 15, 16, 18, 19, 20, 23, 27], 25: [0, 1, 2, 6, 10, 11, 16, 17, 18, 19, 21, 22, 23, 26, 27, 28, 29], 26: [0, 1, 2, 3, 4, 5, 7, 8, 11, 13, 14, 15, 18, 22, 25, 27, 28], 27: [1, 3, 4, 5, 6, 7, 10, 15, 17, 18, 19, 21, 22, 24, 25, 26, 28, 29, 30], 28: [0, 2, 3, 11, 12, 13, 16, 17, 18, 19, 21, 23, 25, 26, 27, 29], 29: [4, 5, 6, 7, 8, 10, 11, 12, 13, 14, 15, 16, 18, 19, 21, 22, 25, 27, 28, 30], 30: [1, 2, 3, 4, 5, 6, 7, 14, 15, 16, 17, 19, 20, 22, 27, 29]}
Results:
{14: 0, 23: 1, 22: 2, 7: 1, 27: 0, 3: 2, 2: 1, 28: 0, 29: 1, 18: 0, 8: 2, 26: 0, 9: 2, 6: 3, 15: 0, 24: 1, 20: 3, 5: 2, 19: 0, 10: 2, 21: 0, 11: 1, 1: 1, 16: 0, 0: 0, 12: 1, 4: 0, 13: 1, 30: 2, 17: 0, 25: 0}
{8: 0, 17: 1, 6: 2, 30: 0, 10: 2, 23: 1, 7: 3, 0: 1, 13: 1, 21: 1, 25: 0, 29: 3, 28: 0, 26: 3, 3: 2, 12: 3, 9: 3, 14: 1, 18: 2, 16: 3, 11: 2, 5: 3, 27: 1, 24: 2, 19: 0, 20: 2, 1: 0, 2: 1, 22: 3, 4: 0, 15: 0}
{18: 0, 1: 1, 8: 2, 13: 0, 19: 1, 4: 3, 14: 1, 6: 0, 9: 0, 0: 2, 27: 3, 12: 4, 2: 5, 7: 3, 10: 2, 21: 0, 20: 5, 17: 2, 16: 4, 11: 2, 15: 3, 29: 3, 5: 1, 23: 4, 3: 5, 25: 1, 26: 0, 24: 2, 30: 0, 22: 1, 28: 4}
{9: 0, 1: 1, 4: 2, 14: 3, 25: 0, 7: 4, 3: 1, 6: 4, 8: 0, 10: 3, 22: 2, 5: 5, 13: 0, 18: 1, 12: 5, 0: 1, 23: 3, 20: 2, 28: 5, 26: 3, 19: 3, 30: 2, 17: 4, 16: 5, 29: 0, 21: 3, 2: 4, 24: 2, 15: 0, 11: 1, 27: 4}
{17: 0, 18: 1, 21: 2, 7: 3, 27: 2, 3: 4, 4: 1, 9: 5, 15: 3, 16: 6, 24: 3, 2: 0, 6: 4, 30: 6, 14: 2, 10: 5, 25: 5, 11: 1, 0: 6, 28: 5, 5: 0, 12: 5, 13: 3, 26: 3, 1: 1, 8: 4, 29: 0, 23: 2, 19: 6, 22: 3, 20: 1}
{28: 0, 12: 1, 21: 2, 29: 3, 11: 4, 13: 5, 16: 2, 4: 0, 5: 6, 6: 5, 18: 1, 27: 4, 19: 7, 30: 1, 10: 2, 25: 6, 15: 6, 7: 6, 20: 3, 9: 4, 1: 0, 24: 5, 14: 7, 17: 3, 3: 6, 22: 5, 23: 7, 2: 3, 26: 2, 0: 4, 8: 5}
Run 2
Solving the Erdos-Renyi Random Graphs with Backtracking and AC3 and Forward Checking Inference
=================================================
Probability: 0.1
Number of People: 31
Number of Edges: 59
Number of Teams: 3
Elapsed Time(in seconds): 0.002192258834838867
Total Number of Assignments: 44
Total Number of Unassignments: 13
Optimal Number of Assignments: 31
Optimal Number of Unassignments: 0
=================================================
Probability: 0.2
Number of People: 31
Number of Edges: 96
Number of Teams: 4
Elapsed Time(in seconds): 0.004038333892822266
Total Number of Assignments: 70
Total Number of Unassignments: 34
Optimal Number of Assignments: 31
Optimal Number of Unassignments: 0
=================================================
Probability: 0.3
Number of People: 31
Number of Edges: 142
Number of Teams: 5
Elapsed Time(in seconds): 0.04239797592163086
Total Number of Assignments: 683
Total Number of Unassignments: 546
Optimal Number of Assignments: 104
Optimal Number of Unassignments: 63
=================================================
Probability: 0.4
Number of People: 31
Number of Edges: 194
Number of Teams: 6
Elapsed Time(in seconds): 0.12808775901794434
Total Number of Assignments: 1960
Total Number of Unassignments: 1589
Optimal Number of Assignments: 31
Optimal Number of Unassignments: 0
=================================================
Probability: 0.5
Number of People: 31
Number of Edges: 229
Number of Teams: 7
Elapsed Time(in seconds): 2.8779456615448
Total Number of Assignments: 44094
Total Number of Unassignments: 37376
Optimal Number of Assignments: 69
Optimal Number of Unassignments: 30
=================================================
Probability: 0.6
Number of People: 31
Number of Edges: 296
Number of Teams: 9
Elapsed Time(in seconds): 629.9752361774445
Total Number of Assignments: 9262655
Total Number of Unassignments: 7452621
Optimal Number of Assignments: 114
Optimal Number of Unassignments: 67
Friendship Graphs:
{0: [11, 20, 23, 29], 1: [21], 2: [13, 19], 3: [6, 10, 19, 25], 4: [9, 17, 25, 29], 5: [9, 10, 14, 22, 26, 29], 6: [3, 8, 29], 7: [14, 16, 19, 21, 25], 8: [6, 22], 9: [4, 5], 10: [3, 5, 21, 30], 11: [0, 14, 21, 24], 12: [19, 23, 24], 13: [2, 17, 20, 28], 14: [5, 7, 11], 15: [16, 18, 25], 16: [7, 15, 18], 17: [4, 13, 19, 24], 18: [15, 16, 19, 21, 29], 19: [2, 3, 7, 12, 17, 18, 30], 20: [0, 13, 28, 29], 21: [1, 7, 10, 11, 18, 22], 22: [5, 8, 21, 27], 23: [0, 12, 30], 24: [11, 12, 17, 27, 30], 25: [3, 4, 7, 15, 30], 26: [5], 27: [22, 24, 30], 28: [13, 20], 29: [0, 4, 5, 6, 18, 20], 30: [10, 19, 23, 24, 25, 27]}
{0: [3, 5, 15, 30], 1: [5, 8, 10, 16, 25, 29], 2: [3, 5, 8, 14, 19, 25, 29], 3: [0, 2, 4, 9, 13, 21, 24], 4: [3, 7, 19, 22, 27], 5: [0, 1, 2, 12, 16, 19, 20, 22], 6: [9, 17, 20, 26, 29, 30], 7: [4, 14, 20, 22], 8: [1, 2, 15, 16, 24, 29], 9: [3, 6, 22, 26, 27, 30], 10: [1, 14, 15, 19, 21, 22, 23, 25], 11: [13, 19, 21, 22, 23, 29], 12: [5, 18, 25, 27], 13: [3, 11, 15, 21, 22, 24, 27, 28], 14: [2, 7, 10, 18, 20, 21, 29], 15: [0, 8, 10, 13, 16, 22, 28, 29], 16: [1, 5, 8, 15, 24], 17: [6, 21, 23, 25, 29], 18: [12, 14, 20, 23, 28], 19: [2, 4, 5, 10, 11, 22, 23], 20: [5, 6, 7, 14, 18, 26], 21: [3, 10, 11, 13, 14, 17, 29], 22: [4, 5, 7, 9, 10, 11, 13, 15, 19, 24, 29], 23: [10, 11, 17, 18, 19, 28, 29], 24: [3, 8, 13, 16, 22], 25: [1, 2, 10, 12, 17, 26], 26: [6, 9, 20, 25], 27: [4, 9, 12, 13], 28: [13, 15, 18, 23, 30], 29: [1, 2, 6, 8, 11, 14, 15, 17, 21, 22, 23], 30: [0, 6, 9, 28]}
{0: [8, 10, 13, 15, 18, 23, 28], 1: [3, 5, 15, 17, 18, 19, 29], 2: [5, 10, 13, 15, 19, 20, 23, 24, 26, 30], 3: [1, 5, 8, 9, 12, 13, 18, 22, 29, 30], 4: [10, 18, 21, 22, 25], 5: [1, 2, 3, 12, 14, 15, 17, 21, 28], 6: [9, 13, 15, 16, 19, 23, 25, 28, 30], 7: [11, 13, 14, 17, 25, 27, 30], 8: [0, 3, 13, 14, 15, 18, 25, 29, 30], 9: [3, 6, 13, 15, 18, 20, 21, 23, 24, 27, 29], 10: [0, 2, 4, 12, 19, 22, 24, 26, 29, 30], 11: [7, 12, 21, 28, 30], 12: [3, 5, 10, 11, 18, 20, 21, 22, 24, 26], 13: [0, 2, 3, 6, 7, 8, 9, 14, 15, 18, 19, 21, 23], 14: [5, 7, 8, 13, 15, 17, 18, 19, 23, 26], 15: [0, 1, 2, 5, 6, 8, 9, 13, 14, 17, 18, 19, 24, 27], 16: [6, 17, 19, 21, 24, 27, 28, 29], 17: [1, 5, 7, 14, 15, 16, 18, 29], 18: [0, 1, 3, 4, 8, 9, 12, 13, 14, 15, 17, 24, 27], 19: [1, 2, 6, 10, 13, 14, 15, 16, 23, 25, 26, 28, 29, 30], 20: [2, 9, 12, 21, 22, 23, 27, 30], 21: [4, 5, 9, 11, 12, 13, 16, 20, 22, 28, 30], 22: [3, 4, 10, 12, 20, 21, 24, 29, 30], 23: [0, 2, 6, 9, 13, 14, 19, 20, 28], 24: [2, 9, 10, 12, 15, 16, 18, 22, 28], 25: [4, 6, 7, 8, 19], 26: [2, 10, 12, 14, 19, 28], 27: [7, 9, 15, 16, 18, 20, 28], 28: [0, 5, 6, 11, 16, 19, 21, 23, 24, 26, 27], 29: [1, 3, 8, 9, 10, 16, 17, 19, 22], 30: [2, 3, 6, 7, 8, 10, 11, 19, 20, 21, 22]}
{0: [3, 4, 6, 7, 9, 12, 13, 15, 16, 17, 18, 22, 24, 26, 29], 1: [3, 4, 5, 6, 9, 10, 11, 16, 18, 20, 22, 23, 25], 2: [6, 10, 11, 15, 17, 19, 20, 24, 27, 29, 30], 3: [0, 1, 5, 7, 8, 9, 10, 12, 14, 18, 19, 21, 24, 25, 26], 4: [0, 1, 7, 12, 15, 16, 17, 19, 20, 21, 24, 25], 5: [1, 3, 8, 11, 12, 13, 14, 16, 17, 20, 25], 6: [0, 1, 2, 9, 11, 12, 13, 17, 18, 21, 22, 23, 28, 29, 30], 7: [0, 3, 4, 8, 9, 10, 12, 13, 18, 20, 21, 24, 26, 27, 30], 8: [3, 5, 7, 12, 17, 19, 21, 25, 26, 28, 29, 30], 9: [0, 1, 3, 6, 7, 13, 18, 20, 24], 10: [1, 2, 3, 7, 13, 14, 17, 18, 19, 24, 29, 30], 11: [1, 2, 5, 6, 18, 19, 20, 21, 25], 12: [0, 3, 4, 5, 6, 7, 8, 13, 16, 21, 22, 23, 24, 27, 29], 13: [0, 5, 6, 7, 9, 10, 12, 14, 16, 17, 21, 23, 24, 27, 30], 14: [3, 5, 10, 13, 15, 16, 18, 22, 23, 24, 26, 28, 30], 15: [0, 2, 4, 14, 16, 23, 25, 26], 16: [0, 1, 4, 5, 12, 13, 14, 15, 19, 22, 23, 26, 28], 17: [0, 2, 4, 5, 6, 8, 10, 13, 18, 21, 27, 29], 18: [0, 1, 3, 6, 7, 9, 10, 11, 14, 17, 19, 20, 24, 26, 27, 30], 19: [2, 3, 4, 8, 10, 11, 16, 18, 21, 24, 25], 20: [1, 2, 4, 5, 7, 9, 11, 18, 21, 22, 27], 21: [3, 4, 6, 7, 8, 11, 12, 13, 17, 19, 20, 25, 27, 29], 22: [0, 1, 6, 12, 14, 16, 20, 23, 25, 26, 27, 29, 30], 23: [1, 6, 12, 13, 14, 15, 16, 22, 24, 26, 29, 30], 24: [0, 2, 3, 4, 7, 9, 10, 12, 13, 14, 18, 19, 23, 27, 28, 29], 25: [1, 3, 4, 5, 8, 11, 15, 19, 21, 22, 28, 29, 30], 26: [0, 3, 7, 8, 14, 15, 16, 18, 22, 23, 28], 27: [2, 7, 12, 13, 17, 18, 20, 21, 22, 24, 30], 28: [6, 8, 14, 16, 24, 25, 26, 29, 30], 29: [0, 2, 6, 8, 10, 12, 17, 21, 22, 23, 24, 25, 28], 30: [2, 6, 7, 8, 10, 13, 14, 18, 22, 23, 25, 27, 28]}
{0: [1, 3, 7, 8, 10, 11, 12, 18, 19, 20, 21, 22, 23, 25, 26, 27, 29, 30], 1: [0, 6, 8, 9, 11, 14, 16, 17, 25, 26, 28, 29, 30], 2: [4, 7, 10, 11, 12, 14, 16, 18, 20, 22, 24, 27, 28], 3: [0, 8, 11, 13, 15, 17, 19, 20, 25, 27, 29], 4: [2, 5, 6, 8, 10, 11, 12, 16, 17, 18, 21, 24, 25, 26, 28, 30], 5: [4, 15, 18, 19, 23, 27, 29, 30], 6: [1, 4, 8, 9, 12, 13, 14, 15, 16, 19, 22, 24, 25, 26, 27, 29], 7: [0, 2, 10, 11, 14, 15, 17, 18, 19, 24, 26, 27], 8: [0, 1, 3, 4, 6, 10, 11, 12, 13, 17, 19, 21, 23, 24, 25, 28], 9: [1, 6, 12, 13, 15, 17, 20, 24, 26, 27, 28, 29, 30], 10: [0, 2, 4, 7, 8, 17, 18, 20, 21, 24, 26, 27, 28, 29], 11: [0, 1, 2, 3, 4, 7, 8, 15, 16, 18, 19, 21, 24, 26, 27, 29], 12: [0, 2, 4, 6, 8, 9, 14, 17, 18, 20, 21, 26, 27], 13: [3, 6, 8, 9, 19, 20, 21, 22, 23, 24, 25, 29, 30], 14: [1, 2, 6, 7, 12, 16, 18, 19, 20, 21, 22, 23, 24, 25, 30], 15: [3, 5, 6, 7, 9, 11, 17, 20, 22, 23, 24, 29], 16: [1, 2, 4, 6, 11, 14, 17, 18, 19, 20, 21, 24, 25, 27, 28, 30], 17: [1, 3, 4, 7, 8, 9, 10, 12, 15, 16, 18, 20, 22, 23, 25, 26, 28], 18: [0, 2, 4, 5, 7, 10, 11, 12, 14, 16, 17, 23, 24, 25, 27, 28], 19: [0, 3, 5, 6, 7, 8, 11, 13, 14, 16, 20, 24, 26], 20: [0, 2, 3, 9, 10, 12, 13, 14, 15, 16, 17, 19, 21, 22, 24, 25, 26, 30], 21: [0, 4, 8, 10, 11, 12, 13, 14, 16, 20, 24, 26, 27, 29, 30], 22: [0, 2, 6, 13, 14, 15, 17, 20, 25, 26, 28, 29, 30], 23: [0, 5, 8, 13, 14, 15, 17, 18, 25, 26, 27, 28, 29, 30], 24: [2, 4, 6, 7, 8, 9, 10, 11, 13, 14, 15, 16, 18, 19, 20, 21, 25, 27, 29], 25: [0, 1, 3, 4, 6, 8, 13, 14, 16, 17, 18, 20, 22, 23, 24, 27, 28, 29], 26: [0, 1, 4, 6, 7, 9, 10, 11, 12, 17, 19, 20, 21, 22, 23, 27], 27: [0, 2, 3, 5, 6, 7, 9, 10, 11, 12, 16, 18, 21, 23, 24, 25, 26, 28, 29, 30], 28: [1, 2, 4, 8, 9, 10, 16, 17, 18, 22, 23, 25, 27, 30], 29: [0, 1, 3, 5, 6, 9, 10, 11, 13, 15, 21, 22, 23, 24, 25, 27], 30: [0, 1, 4, 5, 9, 13, 14, 16, 20, 21, 22, 23, 27, 28]}
{0: [3, 4, 5, 6, 7, 11, 12, 13, 14, 18, 19, 21, 22, 23, 24, 26, 27, 28], 1: [2, 8, 10, 11, 13, 14, 16, 18, 19, 20, 21, 22, 23, 24, 26, 28, 30], 2: [1, 3, 5, 6, 7, 8, 10, 11, 12, 13, 14, 15, 17, 18, 19, 21, 23, 24, 26, 28], 3: [0, 2, 4, 6, 10, 11, 13, 14, 15, 16, 18, 19, 20, 21, 22, 23, 24, 25, 28, 30], 4: [0, 3, 5, 6, 7, 9, 10, 11, 14, 15, 17, 18, 19, 20, 21, 22, 24, 25, 26, 27, 28, 29, 30], 5: [0, 2, 4, 7, 9, 11, 14, 15, 18, 19, 20, 22, 23, 24, 26, 27, 30], 6: [0, 2, 3, 4, 7, 10, 11, 12, 13, 16, 18, 19, 20, 21, 22, 23, 24, 25, 26, 30], 7: [0, 2, 4, 5, 6, 8, 9, 10, 11, 15, 17, 20, 21, 24, 25, 26, 27, 28], 8: [1, 2, 7, 9, 11, 12, 14, 15, 16, 17, 19, 21, 22, 24, 25, 26, 28, 29], 9: [4, 5, 7, 8, 11, 12, 13, 16, 17, 18, 19, 20, 23, 24, 29], 10: [1, 2, 3, 4, 6, 7, 11, 12, 13, 15, 18, 20, 22, 23, 24, 28, 29, 30], 11: [0, 1, 2, 3, 4, 5, 6, 7, 8, 9, 10, 13, 14, 16, 17, 18, 19, 20, 21, 22, 23, 27, 28, 30], 12: [0, 2, 6, 8, 9, 10, 13, 14, 15, 17, 18, 19, 20, 21, 22, 23, 25, 27, 30], 13: [0, 1, 2, 3, 6, 9, 10, 11, 12, 15, 16, 18, 19, 20, 22, 23, 25, 26, 28, 30], 14: [0, 1, 2, 3, 4, 5, 8, 11, 12, 19, 20, 21, 22, 23, 24, 26, 28, 30], 15: [2, 3, 4, 5, 7, 8, 10, 12, 13, 16, 17, 18, 19, 20, 23, 25, 26, 28, 29], 16: [1, 3, 6, 8, 9, 11, 13, 15, 18, 19, 20, 21, 22, 23, 24, 25, 27, 28, 29, 30], 17: [2, 4, 7, 8, 9, 11, 12, 15, 18, 19, 21, 23, 24, 25, 27, 28, 29, 30], 18: [0, 1, 2, 3, 4, 5, 6, 9, 10, 11, 12, 13, 15, 16, 17, 20, 21, 22, 23, 24, 25, 27, 28, 29, 30], 19: [0, 1, 2, 3, 4, 5, 6, 8, 9, 11, 12, 13, 14, 15, 16, 17, 20, 24, 28, 30], 20: [1, 3, 4, 5, 6, 7, 9, 10, 11, 12, 13, 14, 15, 16, 18, 19, 22, 24, 30], 21: [0, 1, 2, 3, 4, 6, 7, 8, 11, 12, 14, 16, 17, 18, 24, 25, 26, 27, 28, 30], 22: [0, 1, 3, 4, 5, 6, 8, 10, 11, 12, 13, 14, 16, 18, 20, 23, 24, 26, 29, 30], 23: [0, 1, 2, 3, 5, 6, 9, 10, 11, 12, 13, 14, 15, 16, 17, 18, 22, 25, 26, 27, 29], 24: [0, 1, 2, 3, 4, 5, 6, 7, 8, 9, 10, 14, 16, 17, 18, 19, 20, 21, 22, 25, 26, 28, 30], 25: [3, 4, 6, 7, 8, 12, 13, 15, 16, 17, 18, 21, 23, 24, 26, 28, 29, 30], 26: [0, 1, 2, 4, 5, 6, 7, 8, 13, 14, 15, 21, 22, 23, 24, 25, 27, 29], 27: [0, 4, 5, 7, 11, 12, 16, 17, 18, 21, 23, 26, 29], 28: [0, 1, 2, 3, 4, 7, 8, 10, 11, 13, 14, 15, 16, 17, 18, 19, 21, 24, 25, 29], 29: [4, 8, 9, 10, 15, 16, 17, 18, 22, 23, 25, 26, 27, 28], 30: [1, 3, 4, 5, 6, 10, 11, 12, 13, 14, 16, 17, 18, 19, 20, 21, 22, 24, 25]}
Results:
{3: 0, 19: 1, 18: 0, 7: 0, 25: 1, 15: 2, 16: 1, 2: 0, 13: 1, 17: 0, 4: 2, 29: 1, 6: 2, 10: 1, 21: 2, 14: 1, 11: 0, 0: 2, 20: 0, 28: 2, 5: 0, 9: 1, 22: 1, 8: 0, 27: 0, 30: 2, 24: 1, 26: 1, 1: 0, 23: 0, 12: 2}
{26: 0, 9: 1, 6: 2, 30: 0, 20: 1, 29: 0, 14: 2, 17: 1, 21: 3, 10: 0, 18: 0, 2: 1, 23: 2, 19: 3, 11: 1, 22: 2, 5: 0, 13: 0, 3: 2, 24: 1, 15: 1, 28: 3, 0: 3, 8: 2, 16: 3, 1: 1, 27: 2, 12: 1, 25: 2, 4: 0, 7: 3}
{22: 0, 20: 1, 12: 2, 21: 3, 30: 2, 2: 0, 5: 1, 3: 3, 1: 0, 18: 1, 8: 4, 13: 2, 15: 3, 0: 0, 24: 4, 14: 0, 9: 0, 28: 2, 27: 4, 19: 1, 6: 4, 29: 2, 16: 0, 17: 4, 10: 3, 23: 3, 26: 4, 7: 1, 4: 4, 11: 4, 25: 2}
{13: 0, 27: 1, 7: 2, 30: 3, 18: 0, 12: 3, 24: 4, 3: 1, 0: 5, 10: 5, 14: 2, 9: 3, 20: 4, 21: 5, 1: 2, 5: 5, 22: 0, 25: 4, 8: 0, 11: 1, 6: 4, 29: 1, 23: 5, 28: 5, 4: 0, 19: 2, 2: 0, 26: 3, 15: 1, 16: 4, 17: 2}
{15: 0, 17: 1, 3: 2, 20: 3, 9: 2, 26: 0, 12: 4, 0: 1, 19: 4, 11: 3, 27: 5, 21: 2, 29: 6, 24: 1, 10: 4, 6: 3, 13: 5, 4: 5, 1: 4, 25: 0, 16: 6, 14: 5, 8: 6, 30: 0, 18: 2, 28: 3, 23: 4, 7: 6, 2: 0, 5: 1, 22: 2}
{13: 0, 0: 1, 28: 2, 3: 3, 18: 4, 11: 5, 16: 1, 10: 1, 2: 6, 15: 5, 1: 3, 6: 7, 23: 8, 25: 6, 19: 4, 30: 2, 22: 6, 20: 8, 12: 3, 4: 0, 14: 7, 5: 3, 24: 5, 7: 4, 26: 2, 21: 8, 8: 0, 29: 3, 27: 6, 17: 1, 9: 2}
Run 3
Solving the Erdos-Renyi Random Graphs with Backtracking and AC3 and Forward Checking Inference
=================================================
Probability: 0.1
Number of People: 31
Number of Edges: 51
Number of Teams: 3
Elapsed Time(in seconds): 0.0016300678253173828
Total Number of Assignments: 35
Total Number of Unassignments: 4
Optimal Number of Assignments: 31
Optimal Number of Unassignments: 0
=================================================
Probability: 0.2
Number of People: 31
Number of Edges: 98
Number of Teams: 4
Elapsed Time(in seconds): 0.0052890777587890625
Total Number of Assignments: 96
Total Number of Unassignments: 59
Optimal Number of Assignments: 38
Optimal Number of Unassignments: 6
=================================================
Probability: 0.3
Number of People: 31
Number of Edges: 155
Number of Teams: 5
Elapsed Time(in seconds): 0.053363800048828125
Total Number of Assignments: 946
Total Number of Unassignments: 791
Optimal Number of Assignments: 568
Optimal Number of Unassignments: 467
=================================================
Probability: 0.4
Number of People: 31
Number of Edges: 196
Number of Teams: 6
Elapsed Time(in seconds): 0.13359785079956055
Total Number of Assignments: 2004
Total Number of Unassignments: 1576
Optimal Number of Assignments: 214
Optimal Number of Unassignments: 155
=================================================
Probability: 0.5
Number of People: 31
Number of Edges: 255
Number of Teams: 8
Elapsed Time(in seconds): 23.913121223449707
Total Number of Assignments: 335318
Total Number of Unassignments: 268410
Optimal Number of Assignments: 35
Optimal Number of Unassignments: 3
=================================================
Probability: 0.6
Number of People: 31
Number of Edges: 287
Number of Teams: 9
Elapsed Time(in seconds): 479.2643527984619
Total Number of Assignments: 7040333
Total Number of Unassignments: 5791940
Optimal Number of Assignments: 412
Optimal Number of Unassignments: 327
Friendship Graphs:
{0: [7, 20], 1: [4, 5, 14, 16, 25], 2: [7, 11, 22, 29], 3: [11, 20, 22], 4: [1, 6, 23, 24, 25, 28], 5: [1], 6: [4, 21, 28, 30], 7: [0, 2, 13, 15, 19, 20], 8: [19], 9: [28], 10: [14, 18], 11: [2, 3, 18, 20, 26], 12: [23], 13: [7, 17, 21, 27], 14: [1, 10, 18], 15: [7, 25], 16: [1, 27], 17: [13, 28, 30], 18: [10, 11, 14], 19: [7, 8, 25], 20: [0, 3, 7, 11, 23, 26, 28], 21: [6, 13, 26], 22: [2, 3, 25, 27], 23: [4, 12, 20], 24: [4], 25: [1, 4, 15, 19, 22, 28], 26: [11, 20, 21, 30], 27: [13, 16, 22], 28: [4, 6, 9, 17, 20, 25], 29: [2], 30: [6, 17, 26]}
{0: [4, 5, 7, 19, 29], 1: [16, 27], 2: [4, 9, 14, 15, 17, 26, 27, 28, 30], 3: [4, 11, 14, 18, 19, 23, 26], 4: [0, 2, 3, 11, 13, 18, 19, 20, 21, 23, 24, 29], 5: [0, 7, 9, 12, 14, 20, 24, 28], 6: [7, 15, 17, 26, 27], 7: [0, 5, 6, 9, 24, 26, 27], 8: [10, 13, 21, 28, 30], 9: [2, 5, 7, 14, 20, 24, 26], 10: [8, 11, 12, 13, 16, 20, 21, 22, 30], 11: [3, 4, 10, 14, 16, 24, 27], 12: [5, 10, 22, 25, 26, 29], 13: [4, 8, 10, 17, 19, 20, 23, 26], 14: [2, 3, 5, 9, 11], 15: [2, 6, 16, 18, 21, 29], 16: [1, 10, 11, 15, 23, 30], 17: [2, 6, 13, 22], 18: [3, 4, 15], 19: [0, 3, 4, 13, 30], 20: [4, 5, 9, 10, 13, 22, 28], 21: [4, 8, 10, 15, 27], 22: [10, 12, 17, 20, 23], 23: [3, 4, 13, 16, 22, 24], 24: [4, 5, 7, 9, 11, 23, 27, 29], 25: [12, 27, 30], 26: [2, 3, 6, 7, 9, 12, 13], 27: [1, 2, 6, 7, 11, 21, 24, 25, 28, 29], 28: [2, 5, 8, 20, 27, 30], 29: [0, 4, 12, 15, 24, 27], 30: [2, 8, 10, 16, 19, 25, 28]}
{0: [2, 4, 10, 11, 12, 13, 18, 20, 27], 1: [3, 4, 6, 7, 12, 16, 17, 18, 20, 22, 23, 26], 2: [0, 3, 8, 10, 11, 13, 18, 20, 22, 27], 3: [1, 2, 4, 14, 16, 17, 19, 20, 23, 25, 29, 30], 4: [0, 1, 3, 5, 6, 9, 11, 20, 22, 23, 30], 5: [4, 6, 11, 13, 15, 17, 18, 20, 29], 6: [1, 4, 5, 8, 10, 14, 19, 20, 21, 25, 29], 7: [1, 10, 11, 15, 24], 8: [2, 6, 12, 13, 14, 15, 16, 18, 23, 30], 9: [4, 10, 13, 14, 17, 21, 24, 26, 30], 10: [0, 2, 6, 7, 9, 11, 23, 27, 29], 11: [0, 2, 4, 5, 7, 10, 19, 21, 22, 24], 12: [0, 1, 8, 13, 14, 16, 17, 19, 20, 23, 27, 28, 30], 13: [0, 2, 5, 8, 9, 12, 20, 23], 14: [3, 6, 8, 9, 12, 15, 22, 23, 27, 28, 30], 15: [5, 7, 8, 14, 16, 17, 18, 20], 16: [1, 3, 8, 12, 15, 18, 19, 23, 24, 26, 27], 17: [1, 3, 5, 9, 12, 15, 18, 23, 25], 18: [0, 1, 2, 5, 8, 15, 16, 17, 20, 23, 25, 27, 29, 30], 19: [3, 6, 11, 12, 16, 20, 21, 22, 27], 20: [0, 1, 2, 3, 4, 5, 6, 12, 13, 15, 18, 19, 24, 27], 21: [6, 9, 11, 19, 23, 24, 27, 28], 22: [1, 2, 4, 11, 14, 19, 26, 29, 30], 23: [1, 3, 4, 8, 10, 12, 13, 14, 16, 17, 18, 21, 24, 26, 27, 28, 29], 24: [7, 9, 11, 16, 20, 21, 23, 27, 28, 30], 25: [3, 6, 17, 18, 26, 29, 30], 26: [1, 9, 16, 22, 23, 25, 29], 27: [0, 2, 10, 12, 14, 16, 18, 19, 20, 21, 23, 24, 28], 28: [12, 14, 21, 23, 24, 27], 29: [3, 5, 6, 10, 18, 22, 23, 25, 26], 30: [3, 4, 8, 9, 12, 14, 18, 22, 24, 25]}
{0: [2, 4, 5, 6, 14, 16, 18, 19, 20, 21, 25, 27, 28, 29], 1: [2, 4, 7, 9, 16, 17, 18, 22, 25], 2: [0, 1, 3, 7, 8, 10, 12, 15, 18, 19, 20, 22, 23, 24, 25], 3: [2, 8, 9, 13, 17, 18, 22, 24, 28, 29], 4: [0, 1, 9, 10, 11, 12, 14, 16, 18, 20, 21, 24, 25, 28, 30], 5: [0, 6, 7, 10, 16, 17, 20, 22, 25, 27, 28, 29], 6: [0, 5, 18, 28, 30], 7: [1, 2, 5, 8, 9, 11, 12, 14, 15, 17, 18, 20, 25, 26, 28, 30], 8: [2, 3, 7, 10, 12, 13, 14, 15, 16, 17, 20, 21, 22, 23, 24, 28], 9: [1, 3, 4, 7, 10, 11, 14, 17, 18, 20, 21, 25, 26, 27], 10: [2, 4, 5, 8, 9, 14, 15, 16, 19, 20, 21, 25], 11: [4, 7, 9, 12, 13, 14, 16, 17, 21, 22, 27, 30], 12: [2, 4, 7, 8, 11, 17, 20, 22, 25], 13: [3, 8, 11, 14, 15, 21, 23, 24, 28, 29], 14: [0, 4, 7, 8, 9, 10, 11, 13, 16, 18, 21, 23, 27, 30], 15: [2, 7, 8, 10, 13, 16, 18, 19, 23, 26, 28, 30], 16: [0, 1, 4, 5, 8, 10, 11, 14, 15, 17, 18, 19, 21, 23, 24, 25, 26, 27, 28], 17: [1, 3, 5, 7, 8, 9, 11, 12, 16, 27, 29, 30], 18: [0, 1, 2, 3, 4, 6, 7, 9, 14, 15, 16, 20, 28, 29, 30], 19: [0, 2, 10, 15, 16, 22, 25, 26, 29, 30], 20: [0, 2, 4, 5, 7, 8, 9, 10, 12, 18, 24, 29, 30], 21: [0, 4, 8, 9, 10, 11, 13, 14, 16, 25, 26, 28, 30], 22: [1, 2, 3, 5, 8, 11, 12, 19, 23, 26, 30], 23: [2, 8, 13, 14, 15, 16, 22, 25, 30], 24: [2, 3, 4, 8, 13, 16, 20, 25, 26, 27, 29], 25: [0, 1, 2, 4, 5, 7, 9, 10, 12, 16, 19, 21, 23, 24, 26, 28, 30], 26: [7, 9, 15, 16, 19, 21, 22, 24, 25, 27, 28, 30], 27: [0, 5, 9, 11, 14, 16, 17, 24, 26, 28, 29], 28: [0, 3, 4, 5, 6, 7, 8, 13, 15, 16, 18, 21, 25, 26, 27, 29, 30], 29: [0, 3, 5, 13, 17, 18, 19, 20, 24, 27, 28], 30: [4, 6, 7, 11, 14, 15, 17, 18, 19, 20, 21, 22, 23, 25, 26, 28]}
{0: [1, 2, 4, 5, 6, 8, 10, 13, 14, 16, 18, 19, 20, 21, 23, 24, 25, 26, 27, 28, 29, 30], 1: [0, 2, 6, 7, 8, 9, 10, 11, 12, 13, 14, 15, 17, 18, 19, 20, 21, 25, 26, 28, 30], 2: [0, 1, 3, 5, 7, 10, 12, 17, 19, 20, 24, 25, 26], 3: [2, 4, 6, 7, 8, 9, 11, 16, 17, 21, 22, 23, 24, 27, 29], 4: [0, 3, 5, 6, 8, 9, 10, 11, 15, 18, 20, 21, 24, 25, 26], 5: [0, 2, 4, 6, 9, 10, 14, 15, 17, 19, 21, 22, 24, 25, 26, 28, 29, 30], 6: [0, 1, 3, 4, 5, 7, 8, 9, 10, 12, 15, 18, 19, 20, 21, 22, 24, 25, 28, 29, 30], 7: [1, 2, 3, 6, 8, 12, 13, 16, 18, 20, 21, 24, 26, 27, 28, 30], 8: [0, 1, 3, 4, 6, 7, 9, 14, 18, 19, 20, 21, 23, 24, 25, 30], 9: [1, 3, 4, 5, 6, 8, 13, 24, 26, 27, 30], 10: [0, 1, 2, 4, 5, 6, 12, 13, 15, 16, 17, 18, 19, 20, 21, 22, 24, 25, 26, 27, 29, 30], 11: [1, 3, 4, 12, 14, 16, 17, 18, 20, 21, 22, 23, 24, 25, 29, 30], 12: [1, 2, 6, 7, 10, 11, 16, 19, 21, 22, 26, 28, 29], 13: [0, 1, 7, 9, 10, 18, 19, 22, 23, 25, 26, 27, 28, 30], 14: [0, 1, 5, 8, 11, 15, 17, 19, 23, 24, 27, 29, 30], 15: [1, 4, 5, 6, 10, 14, 16, 17, 18, 21, 22, 23, 24, 27, 29], 16: [0, 3, 7, 10, 11, 12, 15, 20, 23, 24, 26, 27], 17: [1, 2, 3, 5, 10, 11, 14, 15, 18, 19, 20, 21, 22, 24, 26, 30], 18: [0, 1, 4, 6, 7, 8, 10, 11, 13, 15, 17, 21, 22, 23, 25, 27], 19: [0, 1, 2, 5, 6, 8, 10, 12, 13, 14, 17, 20, 22, 24, 25, 27, 28, 29], 20: [0, 1, 2, 4, 6, 7, 8, 10, 11, 16, 17, 19, 23, 24, 26, 28, 29, 30], 21: [0, 1, 3, 4, 5, 6, 7, 8, 10, 11, 12, 15, 17, 18, 22, 24, 25, 27, 30], 22: [3, 5, 6, 10, 11, 12, 13, 15, 17, 18, 19, 21, 23, 24, 25, 28, 29], 23: [0, 3, 8, 11, 13, 14, 15, 16, 18, 20, 22, 25, 28, 29], 24: [0, 2, 3, 4, 5, 6, 7, 8, 9, 10, 11, 14, 15, 16, 17, 19, 20, 21, 22, 27, 29], 25: [0, 1, 2, 4, 5, 6, 8, 10, 11, 13, 18, 19, 21, 22, 23, 26, 28, 30], 26: [0, 1, 2, 4, 5, 7, 9, 10, 12, 13, 16, 17, 20, 25, 30], 27: [0, 3, 7, 9, 10, 13, 14, 15, 16, 18, 19, 21, 24, 28, 30], 28: [0, 1, 5, 6, 7, 12, 13, 19, 20, 22, 23, 25, 27, 29, 30], 29: [0, 3, 5, 6, 10, 11, 12, 14, 15, 19, 20, 22, 23, 24, 28, 30], 30: [0, 1, 5, 6, 7, 8, 9, 10, 11, 13, 14, 17, 20, 21, 25, 26, 27, 28, 29]}
{0: [1, 2, 3, 4, 5, 6, 8, 11, 13, 14, 16, 17, 18, 19, 20, 21, 22, 24, 25, 26, 27, 28, 30], 1: [0, 2, 3, 5, 6, 7, 8, 9, 10, 11, 12, 13, 16, 17, 18, 19, 21, 22, 23, 25, 26, 29, 30], 2: [0, 1, 4, 5, 6, 7, 8, 10, 11, 13, 15, 18, 19, 20, 21, 25, 27, 28, 30], 3: [0, 1, 4, 5, 7, 10, 12, 13, 14, 16, 19, 21, 22, 23, 26, 27, 28], 4: [0, 2, 3, 5, 7, 8, 9, 11, 15, 16, 18, 19, 20, 21, 23, 24, 25, 27, 28, 29, 30], 5: [0, 1, 2, 3, 4, 6, 7, 9, 10, 13, 14, 15, 16, 17, 21, 22, 23, 24, 25, 26, 27, 28], 6: [0, 1, 2, 5, 7, 10, 11, 13, 14, 15, 16, 17, 18, 22, 24, 25, 26, 27, 28], 7: [1, 2, 3, 4, 5, 6, 8, 10, 12, 17, 18, 19, 21, 22, 24, 27, 28, 29, 30], 8: [0, 1, 2, 4, 7, 9, 10, 11, 13, 14, 15, 18, 20, 22, 23, 26, 30], 9: [1, 4, 5, 8, 11, 12, 13, 15, 16, 19, 20, 22, 27], 10: [1, 2, 3, 5, 6, 7, 8, 12, 13, 14, 15, 16, 19, 23, 25, 26, 28, 30], 11: [0, 1, 2, 4, 6, 8, 9, 12, 13, 14, 15, 16, 19, 20, 21, 22, 23, 25, 28, 30], 12: [1, 3, 7, 9, 10, 11, 14, 17, 18, 19, 20, 22, 23, 24, 25, 26, 29], 13: [0, 1, 2, 3, 5, 6, 8, 9, 10, 11, 14, 15, 16, 18, 20, 22, 23, 24, 26, 27, 30], 14: [0, 3, 5, 6, 8, 10, 11, 12, 13, 17, 19, 20, 22, 23, 26, 28, 29], 15: [2, 4, 5, 6, 8, 9, 10, 11, 13, 16, 18, 19, 20, 21, 24, 26, 27, 29, 30], 16: [0, 1, 3, 4, 5, 6, 9, 10, 11, 13, 15, 18, 20, 23, 24, 25, 26, 27, 28, 30], 17: [0, 1, 5, 6, 7, 12, 14, 18, 19, 20, 21, 22, 24, 25, 26, 28, 30], 18: [0, 1, 2, 4, 6, 7, 8, 12, 13, 15, 16, 17, 19, 22, 23, 24, 25, 28, 30], 19: [0, 1, 2, 3, 4, 7, 9, 10, 11, 12, 14, 15, 17, 18, 20, 21, 22, 23, 24, 25, 26], 20: [0, 2, 4, 8, 9, 11, 12, 13, 14, 15, 16, 17, 19, 21, 26, 27, 28, 29, 30], 21: [0, 1, 2, 3, 4, 5, 7, 11, 15, 17, 19, 20, 24, 25, 28, 30], 22: [0, 1, 3, 5, 6, 7, 8, 9, 11, 12, 13, 14, 17, 18, 19, 24, 26, 27, 30], 23: [1, 3, 4, 5, 8, 10, 11, 12, 13, 14, 16, 18, 19, 25, 26], 24: [0, 4, 5, 6, 7, 12, 13, 15, 16, 17, 18, 19, 21, 22, 26, 30], 25: [0, 1, 2, 4, 5, 6, 10, 11, 12, 16, 17, 18, 19, 21, 23, 26, 27, 29, 30], 26: [0, 1, 3, 5, 6, 8, 10, 12, 13, 14, 15, 16, 17, 19, 20, 22, 23, 24, 25, 29, 30], 27: [0, 2, 3, 4, 5, 6, 7, 9, 13, 15, 16, 20, 22, 25, 28, 29], 28: [0, 2, 3, 4, 5, 6, 7, 10, 11, 14, 16, 17, 18, 20, 21, 27, 29, 30], 29: [1, 4, 7, 12, 14, 15, 20, 25, 26, 27, 28, 30], 30: [0, 1, 2, 4, 7, 8, 10, 11, 13, 15, 16, 17, 18, 20, 21, 22, 24, 25, 26, 28, 29]}
Results:
{15: 0, 7: 1, 13: 0, 0: 0, 20: 2, 25: 1, 28: 0, 4: 2, 6: 1, 21: 2, 1: 0, 11: 0, 3: 1, 26: 1, 2: 2, 22: 0, 14: 1, 18: 2, 10: 0, 27: 1, 16: 2, 30: 0, 9: 1, 17: 1, 29: 0, 19: 0, 5: 1, 24: 0, 8: 1, 23: 0, 12: 1}
{29: 0, 4: 1, 0: 2, 19: 0, 13: 2, 20: 0, 23: 0, 3: 2, 10: 1, 22: 2, 12: 3, 5: 1, 7: 0, 26: 1, 14: 3, 11: 0, 9: 2, 24: 3, 2: 0, 16: 2, 30: 3, 8: 0, 28: 2, 27: 1, 6: 2, 15: 1, 18: 0, 1: 0, 21: 2, 25: 0, 17: 1}
{10: 0, 23: 1, 27: 2, 21: 3, 24: 4, 28: 0, 11: 2, 9: 1, 16: 3, 12: 4, 14: 3, 19: 1, 22: 4, 8: 0, 18: 4, 30: 2, 15: 2, 2: 3, 20: 0, 4: 3, 5: 1, 3: 4, 1: 2, 26: 0, 13: 2, 0: 1, 6: 4, 17: 0, 29: 2, 25: 1, 7: 3}
{0: 0, 4: 1, 20: 2, 18: 3, 9: 4, 14: 2, 21: 3, 11: 0, 7: 1, 25: 2, 28: 5, 26: 0, 30: 4, 15: 2, 16: 4, 5: 3, 8: 0, 10: 5, 2: 4, 27: 1, 29: 4, 13: 1, 3: 2, 17: 5, 1: 0, 12: 3, 23: 3, 19: 3, 24: 3, 22: 1, 6: 1}
{26: 0, 17: 1, 30: 2, 5: 3, 10: 4, 25: 1, 0: 5, 21: 0, 6: 6, 1: 7, 20: 3, 8: 4, 18: 2, 15: 5, 4: 7, 24: 2, 19: 0, 22: 7, 2: 6, 28: 4, 29: 1, 14: 6, 23: 0, 11: 4, 3: 3, 9: 1, 27: 7, 16: 1, 7: 5, 12: 2, 13: 6}
{24: 0, 22: 1, 30: 2, 18: 3, 0: 4, 17: 5, 6: 2, 13: 5, 26: 3, 5: 6, 1: 7, 16: 8, 7: 4, 10: 1, 25: 0, 2: 8, 19: 6, 11: 3, 21: 1, 23: 4, 20: 0, 8: 6, 28: 7, 4: 5, 27: 3, 14: 8, 12: 2, 3: 0, 9: 4, 15: 7, 29: 1}
Run 4
Solving the Erdos-Renyi Random Graphs with Backtracking and AC3 and Forward Checking Inference
=================================================
Probability: 0.1
Number of People: 31
Number of Edges: 46
Number of Teams: 3
Elapsed Time(in seconds): 0.0035190582275390625
Total Number of Assignments: 86
Total Number of Unassignments: 47
Optimal Number of Assignments: 69
Optimal Number of Unassignments: 30
=================================================
Probability: 0.2
Number of People: 31
Number of Edges: 99
Number of Teams: 4
Elapsed Time(in seconds): 0.004363536834716797
Total Number of Assignments: 80
Total Number of Unassignments: 42
Optimal Number of Assignments: 52
Optimal Number of Unassignments: 19
=================================================
Probability: 0.3
Number of People: 31
Number of Edges: 139
Number of Teams: 5
Elapsed Time(in seconds): 0.03266310691833496
Total Number of Assignments: 604
Total Number of Unassignments: 472
Optimal Number of Assignments: 425
Optimal Number of Unassignments: 334
=================================================
Probability: 0.4
Number of People: 31
Number of Edges: 208
Number of Teams: 7
Elapsed Time(in seconds): 60.84087109565735
Total Number of Assignments: 1091355
Total Number of Unassignments: 933444
Optimal Number of Assignments: 159
Optimal Number of Unassignments: 98
=================================================
Probability: 0.5
Number of People: 31
Number of Edges: 244
Number of Teams: 8
Elapsed Time(in seconds): 102.44398307800293
Total Number of Assignments: 1621591
Total Number of Unassignments: 1358027
Optimal Number of Assignments: 31
Optimal Number of Unassignments: 0
=================================================
Probability: 0.6
Number of People: 31
Number of Edges: 303
Number of Teams: 9
Elapsed Time(in seconds): 414.76650285720825
Total Number of Assignments: 6008051
Total Number of Unassignments: 4942401
Optimal Number of Assignments: 235
Optimal Number of Unassignments: 179
Friendship Graphs:
{0: [2, 20], 1: [3, 11, 13, 19, 24, 29], 2: [0, 14, 22], 3: [1, 7, 10, 29, 30], 4: [7, 9, 17], 5: [16, 17, 19], 6: [17, 22, 29], 7: [3, 4], 8: [], 9: [4, 13, 16, 28], 10: [3, 25], 11: [1, 21], 12: [16, 20, 30], 13: [1, 9, 21], 14: [2, 16], 15: [16], 16: [5, 9, 12, 14, 15, 27, 28], 17: [4, 5, 6, 30], 18: [23], 19: [1, 5, 26, 30], 20: [0, 12], 21: [11, 13, 27], 22: [2, 6], 23: [18], 24: [1], 25: [10, 27, 28], 26: [19, 28], 27: [16, 21, 25, 28, 29], 28: [9, 16, 25, 26, 27], 29: [1, 3, 6, 27], 30: [3, 12, 17, 19]}
{0: [3, 10, 25, 26, 30], 1: [2, 10, 13, 22, 26], 2: [1, 10, 12, 15, 18, 20, 21, 25], 3: [0, 4, 10, 15, 17, 25, 26, 30], 4: [3, 10, 13, 15, 18, 19, 28], 5: [6, 18, 20, 28], 6: [5, 20, 25], 7: [8, 11, 15, 16, 17], 8: [7, 10, 11, 13, 21, 22, 25], 9: [21, 29], 10: [0, 1, 2, 3, 4, 8, 12, 14, 19, 26, 28], 11: [7, 8, 21, 28], 12: [2, 10, 15, 20, 30], 13: [1, 4, 8, 21, 22, 26], 14: [10, 16, 17, 23, 24, 27, 28], 15: [2, 3, 4, 7, 12, 16, 19, 21, 27, 29], 16: [7, 14, 15, 22, 23, 26], 17: [3, 7, 14, 25, 27, 30], 18: [2, 4, 5, 21], 19: [4, 10, 15, 20, 21, 28, 29], 20: [2, 5, 6, 12, 19, 21, 27], 21: [2, 8, 9, 11, 13, 15, 18, 19, 20, 28, 30], 22: [1, 8, 13, 16, 25, 29], 23: [14, 16, 27, 28], 24: [14, 27, 30], 25: [0, 2, 3, 6, 8, 17, 22, 26, 27], 26: [0, 1, 3, 10, 13, 16, 25, 28, 29], 27: [14, 15, 17, 20, 23, 24, 25], 28: [4, 5, 10, 11, 14, 19, 21, 23, 26, 29], 29: [9, 15, 19, 22, 26, 28], 30: [0, 3, 12, 17, 21, 24]}
{0: [7, 11, 13, 17, 25, 29], 1: [4, 8, 10, 12, 29], 2: [3, 4, 6, 9, 10, 14, 29, 30], 3: [2, 9, 13, 19, 20, 21, 22, 23, 25, 27, 29], 4: [1, 2, 8, 12, 13, 16, 21, 25, 26, 27, 28, 30], 5: [7, 8, 9, 10, 12, 24, 29], 6: [2, 8, 9, 14, 16, 17, 18, 22, 26, 27], 7: [0, 5, 8, 9, 10, 11, 12, 14, 17, 21, 23, 26, 27, 29, 30], 8: [1, 4, 5, 6, 7, 11, 13, 22, 29, 30], 9: [2, 3, 5, 6, 7, 11, 16, 20, 28, 30], 10: [1, 2, 5, 7, 11, 13, 14, 19, 23, 25, 26], 11: [0, 7, 8, 9, 10, 13, 16, 25], 12: [1, 4, 5, 7, 16, 18, 19, 20, 22, 27], 13: [0, 3, 4, 8, 10, 11, 24, 25, 26, 27, 28], 14: [2, 6, 7, 10, 17, 19, 20, 24], 15: [19, 24, 25, 30], 16: [4, 6, 9, 11, 12, 24, 29], 17: [0, 6, 7, 14, 20, 23, 24, 25], 18: [6, 12, 22], 19: [3, 10, 12, 14, 15, 30], 20: [3, 9, 12, 14, 17, 23, 25, 26, 27, 30], 21: [3, 4, 7, 24, 25, 27, 30], 22: [3, 6, 8, 12, 18, 23, 24, 26, 28, 30], 23: [3, 7, 10, 17, 20, 22, 24, 30], 24: [5, 13, 14, 15, 16, 17, 21, 22, 23, 25, 28], 25: [0, 3, 4, 10, 11, 13, 15, 17, 20, 21, 24, 26, 27, 30], 26: [4, 6, 7, 10, 13, 20, 22, 25, 27, 28], 27: [3, 4, 6, 7, 12, 13, 20, 21, 25, 26], 28: [4, 9, 13, 22, 24, 26, 30], 29: [0, 1, 2, 3, 5, 7, 8, 16], 30: [2, 4, 7, 8, 9, 15, 19, 20, 21, 22, 23, 25, 28]}
{0: [3, 4, 8, 11, 13, 14, 23, 24, 25, 26, 28, 29, 30], 1: [2, 4, 5, 7, 8, 10, 12, 13, 14, 15, 19, 20, 27, 28, 29], 2: [1, 3, 4, 5, 6, 7, 11, 14, 15, 16, 17, 18, 19, 21, 23, 26, 27, 29], 3: [0, 2, 9, 10, 11, 12, 17, 20, 25, 26, 27], 4: [0, 1, 2, 5, 6, 7, 9, 10, 17, 18, 21, 23, 25, 27, 30], 5: [1, 2, 4, 7, 14, 15, 19, 22, 25, 26, 28], 6: [2, 4, 9, 16, 17, 21, 23, 24, 25, 27], 7: [1, 2, 4, 5, 9, 10, 11, 13, 16, 17, 20, 26, 27], 8: [0, 1, 11, 12, 15, 18, 20, 21, 24, 26, 27, 28, 29], 9: [3, 4, 6, 7, 13, 14, 16, 17, 18, 19, 20, 21, 22, 24, 28, 29, 30], 10: [1, 3, 4, 7, 11, 13, 15, 16, 20, 28, 30], 11: [0, 2, 3, 7, 8, 10, 14, 16, 17, 18, 19, 20, 22, 27], 12: [1, 3, 8, 14, 15, 20, 22, 24, 25, 27, 28, 30], 13: [0, 1, 7, 9, 10, 14, 18, 22, 25, 26, 27, 29, 30], 14: [0, 1, 2, 5, 9, 11, 12, 13, 16, 17, 19, 26, 27, 30], 15: [1, 2, 5, 8, 10, 12, 16, 17, 19, 23, 28, 29], 16: [2, 6, 7, 9, 10, 11, 14, 15, 17, 25, 27, 28, 30], 17: [2, 3, 4, 6, 7, 9, 11, 14, 15, 16, 20, 21, 23, 24, 26, 28, 29], 18: [2, 4, 8, 9, 11, 13, 19, 20, 22, 24, 30], 19: [1, 2, 5, 9, 11, 14, 15, 18, 21, 23, 25, 26, 30], 20: [1, 3, 7, 8, 9, 10, 11, 12, 17, 18, 22, 24, 26, 27, 30], 21: [2, 4, 6, 8, 9, 17, 19, 22, 23, 24, 26, 29], 22: [5, 9, 11, 12, 13, 18, 20, 21, 23, 26, 28], 23: [0, 2, 4, 6, 15, 17, 19, 21, 22, 24, 25, 29], 24: [0, 6, 8, 9, 12, 17, 18, 20, 21, 23, 27, 28, 30], 25: [0, 3, 4, 5, 6, 12, 13, 16, 19, 23, 26, 28, 29], 26: [0, 2, 3, 5, 7, 8, 13, 14, 17, 19, 20, 21, 22, 25, 29, 30], 27: [1, 2, 3, 4, 6, 7, 8, 11, 12, 13, 14, 16, 20, 24, 28, 30], 28: [0, 1, 5, 8, 9, 10, 12, 15, 16, 17, 22, 24, 25, 27, 30], 29: [0, 1, 2, 8, 9, 13, 15, 17, 21, 23, 25, 26], 30: [0, 4, 9, 10, 12, 13, 14, 16, 18, 19, 20, 24, 26, 27, 28]}
{0: [1, 2, 4, 9, 11, 12, 16, 17, 18, 19, 21, 22, 23, 24, 27, 29, 30], 1: [0, 6, 9, 10, 11, 14, 16, 20, 21, 27, 29, 30], 2: [0, 5, 6, 7, 8, 9, 11, 13, 18, 20, 22, 23, 24, 25, 26, 29], 3: [4, 5, 9, 11, 13, 15, 16, 17, 18, 21, 24, 25, 27, 29, 30], 4: [0, 3, 5, 6, 8, 9, 10, 11, 14, 15, 18, 19, 20, 24, 25, 26, 27, 30], 5: [2, 3, 4, 6, 8, 9, 10, 12, 14, 15, 16, 19, 20, 21, 23, 26, 28, 29, 30], 6: [1, 2, 4, 5, 8, 10, 11, 12, 13, 20, 21, 22, 23, 30], 7: [2, 8, 9, 12, 14, 18, 19, 23, 24, 28, 30], 8: [2, 4, 5, 6, 7, 10, 12, 13, 17, 19, 22, 27, 28, 29, 30], 9: [0, 1, 2, 3, 4, 5, 7, 10, 11, 12, 13, 16, 17, 19, 20, 23, 25, 26, 28, 29, 30], 10: [1, 4, 5, 6, 8, 9, 12, 15, 17, 19, 21, 22, 23, 24, 26, 27, 28], 11: [0, 1, 2, 3, 4, 6, 9, 15, 19, 20, 21, 23, 24, 25, 27, 29], 12: [0, 5, 6, 7, 8, 9, 10, 15, 16, 17, 18, 19, 20, 21, 25, 26, 28, 30], 13: [2, 3, 6, 8, 9, 14, 23, 25, 26, 27, 29], 14: [1, 4, 5, 7, 13, 18, 20, 22, 25, 28], 15: [3, 4, 5, 10, 11, 12, 19, 21, 23, 25, 26, 30], 16: [0, 1, 3, 5, 9, 12, 17, 19, 20, 21, 22, 23, 25, 29, 30], 17: [0, 3, 8, 9, 10, 12, 16, 18, 19, 21, 23, 25, 27, 28, 29], 18: [0, 2, 3, 4, 7, 12, 14, 17, 19, 21, 22, 24, 25, 26, 28], 19: [0, 4, 5, 7, 8, 9, 10, 11, 12, 15, 16, 17, 18, 20, 22, 23, 24, 25, 26, 27, 29, 30], 20: [1, 2, 4, 5, 6, 9, 11, 12, 14, 16, 19, 22, 24, 26, 27, 28, 29], 21: [0, 1, 3, 5, 6, 10, 11, 12, 15, 16, 17, 18, 22, 24, 26, 27, 28, 30], 22: [0, 2, 6, 8, 10, 14, 16, 18, 19, 20, 21, 23, 24, 25, 29, 30], 23: [0, 2, 5, 6, 7, 9, 10, 11, 13, 15, 16, 17, 19, 22, 26, 29], 24: [0, 2, 3, 4, 7, 10, 11, 18, 19, 20, 21, 22, 25, 27], 25: [2, 3, 4, 9, 11, 12, 13, 14, 15, 16, 17, 18, 19, 22, 24, 26, 27, 30], 26: [2, 4, 5, 9, 10, 12, 13, 15, 18, 19, 20, 21, 23, 25, 27, 29], 27: [0, 1, 3, 4, 8, 10, 11, 13, 17, 19, 20, 21, 24, 25, 26, 28, 29], 28: [5, 7, 8, 9, 10, 12, 14, 17, 18, 20, 21, 27], 29: [0, 1, 2, 3, 5, 8, 9, 11, 13, 16, 17, 19, 20, 22, 23, 26, 27, 30], 30: [0, 1, 3, 4, 5, 6, 7, 8, 9, 12, 15, 16, 19, 21, 22, 25, 29]}
{0: [1, 3, 4, 5, 6, 7, 8, 9, 10, 13, 14, 18, 19, 21, 22, 23, 26, 28], 1: [0, 2, 3, 4, 6, 8, 9, 10, 11, 12, 13, 15, 16, 17, 18, 19, 20, 21, 25, 26, 29, 30], 2: [1, 3, 5, 8, 9, 10, 12, 13, 14, 16, 18, 20, 21, 23, 25, 26, 27, 28, 29], 3: [0, 1, 2, 4, 5, 7, 9, 10, 11, 12, 13, 14, 15, 17, 18, 19, 20, 21, 22, 23, 26, 27, 29, 30], 4: [0, 1, 3, 9, 10, 11, 12, 14, 15, 17, 18, 19, 20, 21, 24, 25, 26, 27, 28, 29, 30], 5: [0, 2, 3, 6, 8, 9, 11, 12, 14, 16, 18, 19, 20, 23, 25, 26, 28, 29], 6: [0, 1, 5, 7, 9, 11, 12, 13, 14, 16, 22, 23, 24, 26, 29, 30], 7: [0, 3, 6, 10, 11, 13, 14, 15, 17, 18, 19, 20, 21, 22, 28, 29, 30], 8: [0, 1, 2, 5, 12, 13, 14, 16, 18, 19, 20, 22, 23, 26, 28], 9: [0, 1, 2, 3, 4, 5, 6, 10, 12, 13, 15, 16, 17, 19, 20, 22, 26, 27, 28, 29, 30], 10: [0, 1, 2, 3, 4, 7, 9, 11, 13, 15, 17, 18, 19, 20, 21, 22, 23, 24, 26, 28, 29, 30], 11: [1, 3, 4, 5, 6, 7, 10, 12, 13, 14, 15, 16, 17, 18, 22, 23, 24, 25, 26, 27, 28, 30], 12: [1, 2, 3, 4, 5, 6, 8, 9, 11, 13, 14, 17, 18, 19, 22, 25, 26, 27, 29], 13: [0, 1, 2, 3, 6, 7, 8, 9, 10, 11, 12, 14, 15, 18, 19, 20, 22, 23, 24, 25], 14: [0, 2, 3, 4, 5, 6, 7, 8, 11, 12, 13, 15, 16, 17, 19, 20, 21, 23, 25, 28, 30], 15: [1, 3, 4, 7, 9, 10, 11, 13, 14, 18, 20, 22, 24, 25, 26, 27, 28, 29], 16: [1, 2, 5, 6, 8, 9, 11, 14, 17, 18, 19, 21, 22, 23, 25, 26, 27, 28], 17: [1, 3, 4, 7, 9, 10, 11, 12, 14, 16, 18, 19, 20, 25, 27, 28, 29, 30], 18: [0, 1, 2, 3, 4, 5, 7, 8, 10, 11, 12, 13, 15, 16, 17, 20, 21, 22, 24, 25, 26, 27, 28, 30], 19: [0, 1, 3, 4, 5, 7, 8, 9, 10, 12, 13, 14, 16, 17, 21, 22, 23, 27, 28, 29], 20: [1, 2, 3, 4, 5, 7, 8, 9, 10, 13, 14, 15, 17, 18, 22, 23, 24, 26, 27, 28, 30], 21: [0, 1, 2, 3, 4, 7, 10, 14, 16, 18, 19, 22, 23, 24, 25, 26, 28, 30], 22: [0, 3, 6, 7, 8, 9, 10, 11, 12, 13, 15, 16, 18, 19, 20, 21, 23, 25, 26, 27, 29, 30], 23: [0, 2, 3, 5, 6, 8, 10, 11, 13, 14, 16, 19, 20, 21, 22, 25, 27, 28, 29, 30], 24: [4, 6, 10, 11, 13, 15, 18, 20, 21, 25, 26, 27, 28, 29, 30], 25: [1, 2, 4, 5, 11, 12, 13, 14, 15, 16, 17, 18, 21, 22, 23, 24, 29, 30], 26: [0, 1, 2, 3, 4, 5, 6, 8, 9, 10, 11, 12, 15, 16, 18, 20, 21, 22, 24, 27, 28, 30], 27: [2, 3, 4, 9, 11, 12, 15, 16, 17, 18, 19, 20, 22, 23, 24, 26, 28, 29], 28: [0, 2, 4, 5, 7, 8, 9, 10, 11, 14, 15, 16, 17, 18, 19, 20, 21, 23, 24, 26, 27, 29], 29: [1, 2, 3, 4, 5, 6, 7, 9, 10, 12, 15, 17, 19, 22, 23, 24, 25, 27, 28], 30: [1, 3, 4, 6, 7, 9, 10, 11, 14, 17, 18, 20, 21, 22, 23, 24, 25, 26]}
Results:
{4: 0, 17: 1, 6: 0, 30: 0, 29: 1, 3: 2, 7: 1, 1: 0, 22: 1, 2: 0, 0: 1, 19: 1, 24: 1, 10: 0, 12: 2, 20: 0, 13: 1, 9: 2, 11: 1, 28: 0, 26: 2, 16: 1, 27: 2, 21: 0, 14: 2, 25: 1, 5: 2, 15: 2, 23: 0, 18: 1, 8: 0}
{17: 0, 14: 1, 27: 2, 23: 0, 16: 2, 28: 2, 7: 1, 15: 3, 24: 0, 19: 1, 21: 0, 4: 0, 20: 3, 29: 0, 10: 3, 11: 3, 8: 2, 26: 1, 13: 3, 25: 3, 22: 1, 3: 2, 0: 0, 1: 2, 2: 1, 5: 1, 18: 2, 12: 2, 30: 1, 6: 2, 9: 2}
{16: 0, 9: 1, 6: 2, 11: 2, 7: 0, 10: 3, 2: 0, 14: 4, 17: 3, 5: 4, 24: 2, 26: 4, 23: 1, 28: 3, 22: 0, 25: 0, 13: 1, 8: 3, 0: 4, 27: 3, 4: 2, 30: 4, 20: 2, 3: 4, 21: 1, 12: 1, 29: 1, 19: 0, 15: 3, 1: 0, 18: 3}
{17: 0, 16: 1, 28: 2, 15: 3, 2: 2, 6: 3, 9: 4, 4: 1, 21: 5, 23: 4, 24: 1, 29: 1, 26: 3, 7: 5, 14: 6, 0: 5, 30: 0, 27: 4, 1: 0, 13: 2, 11: 3, 19: 1, 12: 5, 8: 6, 20: 2, 5: 4, 18: 5, 25: 6, 3: 1, 10: 6, 22: 1}
{19: 0, 12: 1, 10: 2, 5: 3, 8: 4, 15: 4, 26: 5, 23: 1, 4: 1, 27: 3, 9: 4, 17: 5, 16: 2, 25: 6, 29: 6, 20: 7, 0: 7, 30: 5, 22: 3, 11: 2, 2: 0, 6: 6, 21: 0, 3: 7, 1: 1, 28: 6, 13: 2, 18: 2, 7: 3, 24: 4, 14: 0}
{25: 0, 16: 1, 17: 2, 18: 3, 11: 4, 1: 5, 4: 1, 12: 6, 3: 0, 27: 7, 26: 2, 22: 5, 15: 8, 20: 6, 24: 5, 28: 0, 10: 7, 7: 1, 13: 2, 30: 8, 23: 3, 29: 4, 19: 8, 2: 8, 9: 3, 14: 5, 5: 7, 8: 4, 0: 6, 6: 0, 21: 4}
Run 5
Solving the Erdos-Renyi Random Graphs with Backtracking and AC3 and Forward Checking Inference
=================================================
Probability: 0.1
Number of People: 31
Number of Edges: 48
Number of Teams: 3
Elapsed Time(in seconds): 0.001859426498413086
Total Number of Assignments: 36
Total Number of Unassignments: 5
Optimal Number of Assignments: 31
Optimal Number of Unassignments: 0
=================================================
Probability: 0.2
Number of People: 31
Number of Edges: 110
Number of Teams: 4
Elapsed Time(in seconds): 0.00466156005859375
Total Number of Assignments: 81
Total Number of Unassignments: 42
Optimal Number of Assignments: 44
Optimal Number of Unassignments: 10
=================================================
Probability: 0.3
Number of People: 31
Number of Edges: 165
Number of Teams: 5
Elapsed Time(in seconds): 0.019208669662475586
Total Number of Assignments: 295
Total Number of Unassignments: 224
Optimal Number of Assignments: 54
Optimal Number of Unassignments: 17
=================================================
Probability: 0.4
Number of People: 31
Number of Edges: 191
Number of Teams: 6
Elapsed Time(in seconds): 0.27367162704467773
Total Number of Assignments: 4051
Total Number of Unassignments: 3257
Optimal Number of Assignments: 38
Optimal Number of Unassignments: 6
=================================================
Probability: 0.5
Number of People: 31
Number of Edges: 215
Number of Teams: 7
Elapsed Time(in seconds): 8.794153213500977
Total Number of Assignments: 138517
Total Number of Unassignments: 113091
Optimal Number of Assignments: 31
Optimal Number of Unassignments: 0
=================================================
Probability: 0.6
Number of People: 31
Number of Edges: 269
Number of Teams: 8
Elapsed Time(in seconds): 16.816057682037354
Total Number of Assignments: 233665
Total Number of Unassignments: 186142
Optimal Number of Assignments: 37
Optimal Number of Unassignments: 5
Friendship Graphs:
{0: [10], 1: [6, 14, 30], 2: [16, 17, 24], 3: [7, 12, 13, 20, 25, 27], 4: [12, 18, 20, 25, 26], 5: [24, 30], 6: [1, 18, 20], 7: [3], 8: [20], 9: [14, 21, 25], 10: [0, 12, 17, 26], 11: [], 12: [3, 4, 10, 16, 21], 13: [3, 15, 21, 23], 14: [1, 9], 15: [13, 17, 18, 20], 16: [2, 12], 17: [2, 10, 15, 23, 26], 18: [4, 6, 15, 20], 19: [23, 28], 20: [3, 4, 6, 8, 15, 18, 29], 21: [9, 12, 13, 25, 29], 22: [23, 27], 23: [13, 17, 19, 22], 24: [2, 5], 25: [3, 4, 9, 21], 26: [4, 10, 17], 27: [3, 22, 28], 28: [19, 27], 29: [20, 21], 30: [1, 5]}
{0: [2, 4, 5, 7, 8, 18, 21, 23, 24, 28, 29, 30], 1: [11, 17, 23, 27, 28], 2: [0, 6, 9, 13, 15, 17, 26], 3: [4, 8, 13, 26, 27], 4: [0, 3, 7, 8, 15, 16, 26, 27, 28], 5: [0, 10, 24, 25, 30], 6: [2, 13, 15, 16, 24, 28, 29], 7: [0, 4, 10, 18, 27, 28, 30], 8: [0, 3, 4, 11, 12, 15, 16, 25, 29], 9: [2, 13, 14, 15, 27], 10: [5, 7, 11, 13, 15, 18, 25, 26, 30], 11: [1, 8, 10, 15, 17, 25], 12: [8, 20, 21, 26], 13: [2, 3, 6, 9, 10, 16, 18, 19, 20, 24, 25, 27, 30], 14: [9, 18, 21], 15: [2, 4, 6, 8, 9, 10, 11, 20, 26, 28], 16: [4, 6, 8, 13, 17, 26], 17: [1, 2, 11, 16, 18, 20, 21, 23, 24, 26, 29], 18: [0, 7, 10, 13, 14, 17, 22, 26, 27], 19: [13, 24, 30], 20: [12, 13, 15, 17, 25, 26], 21: [0, 12, 14, 17], 22: [18, 23, 26], 23: [0, 1, 17, 22, 27, 28, 29], 24: [0, 5, 6, 13, 17, 19, 30], 25: [5, 8, 10, 11, 13, 20], 26: [2, 3, 4, 10, 12, 15, 16, 17, 18, 20, 22], 27: [1, 3, 4, 7, 9, 13, 18, 23, 28], 28: [0, 1, 4, 6, 7, 15, 23, 27, 30], 29: [0, 6, 8, 17, 23], 30: [0, 5, 7, 10, 13, 19, 24, 28]}
{0: [2, 3, 4, 5, 7, 10, 13, 14, 17, 18, 22, 28], 1: [3, 4, 5, 7, 8, 9, 15, 18, 20, 24], 2: [0, 3, 5, 7, 9, 16, 24, 25, 28], 3: [0, 1, 2, 4, 5, 7, 9, 12, 13, 14, 18, 20, 21, 22, 27, 30], 4: [0, 1, 3, 5, 11, 13, 15, 16, 28, 30], 5: [0, 1, 2, 3, 4, 7, 8, 9, 10, 13, 14, 17, 20, 22, 24, 26], 6: [8, 9, 14, 16, 17, 20, 21, 23, 25, 26, 29], 7: [0, 1, 2, 3, 5, 14, 16, 18, 19, 24, 26], 8: [1, 5, 6, 11, 12, 13, 14, 19, 20, 22, 23], 9: [1, 2, 3, 5, 6, 25, 26, 28, 30], 10: [0, 5, 11, 23, 29, 30], 11: [4, 8, 10, 14, 20, 21, 23], 12: [3, 8, 13, 17, 18, 22, 23, 25, 27, 28, 29], 13: [0, 3, 4, 5, 8, 12, 14, 15, 16, 17, 21, 22, 24, 27, 30], 14: [0, 3, 5, 6, 7, 8, 11, 13, 16, 20, 29], 15: [1, 4, 13, 16, 17, 22, 25, 26, 27, 28], 16: [2, 4, 6, 7, 13, 14, 15, 18, 19, 21, 23, 24, 28, 29], 17: [0, 5, 6, 12, 13, 15, 20, 21, 22, 23, 29], 18: [0, 1, 3, 7, 12, 16, 20, 29, 30], 19: [7, 8, 16, 20, 21, 23, 24, 27], 20: [1, 3, 5, 6, 8, 11, 14, 17, 18, 19, 28], 21: [3, 6, 11, 13, 16, 17, 19, 23, 26, 27, 28], 22: [0, 3, 5, 8, 12, 13, 15, 17, 24, 25, 26, 27, 28, 30], 23: [6, 8, 10, 11, 12, 16, 17, 19, 21, 24, 30], 24: [1, 2, 5, 7, 13, 16, 19, 22, 23, 27], 25: [2, 6, 9, 12, 15, 22, 26, 27], 26: [5, 6, 7, 9, 15, 21, 22, 25], 27: [3, 12, 13, 15, 19, 21, 22, 24, 25, 29], 28: [0, 2, 4, 9, 12, 15, 16, 20, 21, 22, 29], 29: [6, 10, 12, 14, 16, 17, 18, 27, 28, 30], 30: [3, 4, 9, 10, 13, 18, 22, 23, 29]}
{0: [1, 2, 3, 4, 8, 9, 10, 12, 13, 14, 16, 18, 20, 22, 25, 30], 1: [0, 2, 4, 6, 7, 8, 15, 20, 22, 23, 29, 30], 2: [0, 1, 4, 5, 6, 8, 9, 11, 14, 17, 20, 25, 27, 28, 29], 3: [0, 4, 5, 6, 7, 8, 10, 11, 13, 19, 20, 21, 26, 27, 30], 4: [0, 1, 2, 3, 6, 7, 15, 18, 21, 27, 28, 29], 5: [2, 3, 7, 9, 10, 11, 12, 13, 14, 24, 26, 29], 6: [1, 2, 3, 4, 10, 13, 15, 17, 20], 7: [1, 3, 4, 5, 10, 23, 26, 30], 8: [0, 1, 2, 3, 10, 12, 13, 17, 22, 23, 24, 25, 26, 28, 29, 30], 9: [0, 2, 5, 12, 14, 15, 17, 18, 21, 22, 29, 30], 10: [0, 3, 5, 6, 7, 8, 11, 13, 15, 17, 20, 21, 23, 28, 30], 11: [2, 3, 5, 10, 15, 19, 20, 22, 27, 29, 30], 12: [0, 5, 8, 9, 15, 20, 22, 23, 24, 26, 28, 29], 13: [0, 3, 5, 6, 8, 10, 14, 15, 17, 19, 20, 24, 25, 29, 30], 14: [0, 2, 5, 9, 13, 21, 23, 24], 15: [1, 4, 6, 9, 10, 11, 12, 13, 16, 18, 22, 29], 16: [0, 15, 19, 20, 22, 24, 25, 28, 29], 17: [2, 6, 8, 9, 10, 13, 18, 19, 20, 21, 24, 27, 28, 30], 18: [0, 4, 9, 15, 17, 20, 21, 23, 27, 28], 19: [3, 11, 13, 16, 17, 20, 21, 22, 23, 24, 25, 27, 28], 20: [0, 1, 2, 3, 6, 10, 11, 12, 13, 16, 17, 18, 19, 22], 21: [3, 4, 9, 10, 14, 17, 18, 19, 23, 25], 22: [0, 1, 8, 9, 11, 12, 15, 16, 19, 20, 24, 25, 29], 23: [1, 7, 8, 10, 12, 14, 18, 19, 21, 24, 25, 27, 28, 30], 24: [5, 8, 12, 13, 14, 16, 17, 19, 22, 23, 28, 29, 30], 25: [0, 2, 8, 13, 16, 19, 21, 22, 23, 27, 30], 26: [3, 5, 7, 8, 12, 27, 28, 29, 30], 27: [2, 3, 4, 11, 17, 18, 19, 23, 25, 26], 28: [2, 4, 8, 10, 12, 16, 17, 18, 19, 23, 24, 26, 29], 29: [1, 2, 4, 5, 8, 9, 11, 12, 13, 15, 16, 22, 24, 26, 28], 30: [0, 1, 3, 7, 8, 9, 10, 11, 13, 17, 23, 24, 25, 26]}
{0: [1, 2, 7, 8, 9, 10, 11, 12, 14, 15, 16, 17, 19, 20, 21, 22, 23, 24, 29], 1: [0, 6, 7, 9, 10, 11, 12, 13, 16, 17, 18, 19, 23, 25, 26, 27, 28, 29, 30], 2: [0, 3, 5, 9, 11, 13, 15, 18, 21, 22, 23, 29], 3: [2, 8, 13, 14, 15, 19, 20, 21, 22, 23, 29], 4: [6, 10, 11, 14, 15, 16, 17, 18, 19, 21, 22, 23, 24, 27, 28, 29, 30], 5: [2, 6, 7, 8, 10, 11, 15, 17, 20, 23, 25], 6: [1, 4, 5, 7, 8, 10, 11, 13, 14, 16, 17, 24, 26, 28, 29], 7: [0, 1, 5, 6, 10, 11, 13, 16, 20, 21, 27, 29], 8: [0, 3, 5, 6, 9, 10, 16, 18, 22, 25, 26, 27, 28, 29], 9: [0, 1, 2, 8, 10, 11, 15, 21, 22, 24, 25, 26], 10: [0, 1, 4, 5, 6, 7, 8, 9, 11, 12, 13, 14, 17, 18, 22, 25, 26, 27, 28, 29, 30], 11: [0, 1, 2, 4, 5, 6, 7, 9, 10, 13, 14, 17, 19, 21, 23, 24, 25, 28, 29, 30], 12: [0, 1, 10, 16, 19, 20, 24, 25, 26, 29], 13: [1, 2, 3, 6, 7, 10, 11, 15, 16, 17, 18, 21, 25, 26, 28], 14: [0, 3, 4, 6, 10, 11, 16, 17, 18, 19, 20, 27, 29], 15: [0, 2, 3, 4, 5, 9, 13, 17, 19, 20, 22, 25, 26, 27, 29, 30], 16: [0, 1, 4, 6, 7, 8, 12, 13, 14, 21, 24, 25, 29], 17: [0, 1, 4, 5, 6, 10, 11, 13, 14, 15, 18, 21, 23, 24, 25, 30], 18: [1, 2, 4, 8, 10, 13, 14, 17, 22, 23, 24, 25], 19: [0, 1, 3, 4, 11, 12, 14, 15, 20, 27, 28], 20: [0, 3, 5, 7, 12, 14, 15, 19, 23, 24, 26, 27, 30], 21: [0, 2, 3, 4, 7, 9, 11, 13, 16, 17, 23, 24, 25, 26, 30], 22: [0, 2, 3, 4, 8, 9, 10, 15, 18, 23, 24, 26], 23: [0, 1, 2, 3, 4, 5, 11, 17, 18, 20, 21, 22, 27, 29], 24: [0, 4, 6, 9, 11, 12, 16, 17, 18, 20, 21, 22, 28, 30], 25: [1, 5, 8, 9, 10, 11, 12, 13, 15, 16, 17, 18, 21, 27], 26: [1, 6, 8, 9, 10, 12, 13, 15, 20, 21, 22, 30], 27: [1, 4, 7, 8, 10, 14, 15, 19, 20, 23, 25, 30], 28: [1, 4, 6, 8, 10, 11, 13, 19, 24], 29: [0, 1, 2, 3, 4, 6, 7, 8, 10, 11, 12, 14, 15, 16, 23], 30: [1, 4, 10, 11, 15, 17, 20, 21, 24, 26, 27]}
{0: [3, 4, 6, 7, 8, 9, 10, 11, 14, 15, 16, 21, 23, 24, 25, 26, 27, 29], 1: [3, 4, 5, 7, 8, 9, 11, 14, 15, 17, 20, 22, 24, 25, 27, 28, 30], 2: [4, 5, 6, 7, 8, 9, 13, 14, 15, 16, 17, 18, 21, 22, 24, 25, 26, 28, 29, 30], 3: [0, 1, 6, 7, 8, 9, 10, 11, 12, 14, 16, 18, 19, 23, 26, 27, 29, 30], 4: [0, 1, 2, 9, 11, 12, 13, 14, 16, 20, 23, 24, 25, 26, 27, 28, 30], 5: [1, 2, 6, 7, 9, 11, 12, 13, 15, 19, 21, 23, 26, 27, 29], 6: [0, 2, 3, 5, 7, 9, 10, 11, 13, 14, 16, 17, 18, 19, 20, 21, 22, 24, 26, 28, 30], 7: [0, 1, 2, 3, 5, 6, 10, 11, 13, 15, 18, 19, 20, 25, 28, 30], 8: [0, 1, 2, 3, 9, 11, 13, 14, 20, 21, 22, 24, 25, 28, 29, 30], 9: [0, 1, 2, 3, 4, 5, 6, 8, 10, 11, 13, 14, 17, 18, 20, 22, 23, 25, 26, 27, 30], 10: [0, 3, 6, 7, 9, 11, 12, 13, 15, 16, 20, 25, 26, 27, 29], 11: [0, 1, 3, 4, 5, 6, 7, 8, 9, 10, 12, 13, 15, 17, 18, 19, 20, 21, 25, 27, 28, 30], 12: [3, 4, 5, 10, 11, 14, 15, 17, 19, 20, 21, 22, 23, 24, 26, 29, 30], 13: [2, 4, 5, 6, 7, 8, 9, 10, 11, 14, 15, 16, 18, 20, 22, 23, 24, 25], 14: [0, 1, 2, 3, 4, 6, 8, 9, 12, 13, 16, 19, 21, 22, 23, 24, 25, 26, 28, 29, 30], 15: [0, 1, 2, 5, 7, 10, 11, 12, 13, 17, 19, 23, 26, 29], 16: [0, 2, 3, 4, 6, 10, 13, 14, 18, 19, 21, 22, 23, 26, 27, 28, 30], 17: [1, 2, 6, 9, 11, 12, 15, 18, 19, 22, 23, 24, 25, 28], 18: [2, 3, 6, 7, 9, 11, 13, 16, 17, 27, 30], 19: [3, 5, 6, 7, 11, 12, 14, 15, 16, 17, 20, 21, 22, 25, 27, 28, 29, 30], 20: [1, 4, 6, 7, 8, 9, 10, 11, 12, 13, 19, 28, 30], 21: [0, 2, 5, 6, 8, 11, 12, 14, 16, 19, 23, 24, 25, 26, 27, 28, 29, 30], 22: [1, 2, 6, 8, 9, 12, 13, 14, 16, 17, 19, 23, 27, 28, 29, 30], 23: [0, 3, 4, 5, 9, 12, 13, 14, 15, 16, 17, 21, 22, 24, 25, 26, 27, 28, 30], 24: [0, 1, 2, 4, 6, 8, 12, 13, 14, 17, 21, 23, 26, 28, 30], 25: [0, 1, 2, 4, 7, 8, 9, 10, 11, 13, 14, 17, 19, 21, 23, 28, 29], 26: [0, 2, 3, 4, 5, 6, 9, 10, 12, 14, 15, 16, 21, 23, 24, 27, 28, 29, 30], 27: [0, 1, 3, 4, 5, 9, 10, 11, 16, 18, 19, 21, 22, 23, 26, 29, 30], 28: [1, 2, 4, 6, 7, 8, 11, 14, 16, 17, 19, 20, 21, 22, 23, 24, 25, 26, 29, 30], 29: [0, 2, 3, 5, 8, 10, 12, 14, 15, 19, 21, 22, 25, 26, 27, 28], 30: [1, 2, 3, 4, 6, 7, 8, 9, 11, 12, 14, 16, 18, 19, 20, 21, 22, 23, 24, 26, 27, 28]}
Results:
{11: 0, 16: 0, 12: 1, 4: 0, 3: 0, 26: 1, 18: 1, 20: 2, 6: 0, 15: 0, 17: 2, 10: 0, 2: 1, 27: 1, 24: 0, 0: 1, 25: 1, 28: 0, 5: 1, 21: 0, 29: 1, 9: 2, 23: 0, 22: 2, 30: 0, 7: 1, 8: 0, 1: 1, 14: 0, 19: 1, 13: 1}
{26: 0, 22: 1, 18: 2, 10: 1, 13: 0, 27: 3, 7: 0, 0: 3, 30: 2, 5: 0, 28: 1, 24: 1, 19: 3, 4: 2, 17: 3, 15: 3, 6: 2, 3: 1, 16: 1, 8: 0, 11: 2, 2: 1, 9: 2, 25: 3, 29: 1, 1: 0, 23: 2, 20: 1, 12: 2, 21: 0, 14: 1}
{26: 0, 7: 1, 5: 2, 1: 0, 3: 3, 22: 4, 0: 0, 2: 4, 13: 1, 17: 3, 15: 2, 14: 4, 24: 3, 20: 1, 9: 1, 6: 2, 4: 4, 28: 3, 25: 3, 27: 0, 12: 2, 29: 1, 21: 4, 8: 3, 19: 2, 18: 4, 16: 0, 23: 1, 11: 2, 30: 0, 10: 3}
{13: 0, 5: 1, 10: 2, 3: 3, 7: 0, 20: 1, 6: 4, 17: 3, 0: 4, 30: 1, 8: 5, 1: 2, 2: 0, 26: 2, 22: 3, 29: 4, 25: 2, 12: 0, 11: 5, 24: 2, 15: 1, 4: 5, 28: 1, 19: 4, 23: 3, 14: 5, 9: 2, 27: 1, 18: 0, 21: 1, 16: 5}
{21: 0, 23: 1, 3: 2, 2: 3, 29: 0, 22: 0, 0: 2, 11: 4, 9: 1, 10: 3, 1: 5, 17: 6, 25: 2, 13: 1, 7: 6, 18: 4, 6: 2, 4: 5, 14: 1, 15: 4, 27: 0, 24: 3, 20: 5, 26: 6, 8: 5, 16: 4, 12: 1, 5: 0, 30: 1, 19: 3, 28: 0}
{11: 0, 28: 1, 20: 2, 30: 3, 6: 4, 7: 5, 19: 6, 21: 2, 14: 0, 16: 5, 26: 7, 2: 6, 4: 4, 27: 1, 23: 6, 24: 5, 5: 3, 0: 3, 10: 6, 9: 5, 3: 2, 12: 1, 18: 7, 25: 7, 8: 4, 13: 1, 1: 6, 29: 5, 17: 3, 22: 2, 15: 2}
